316
341
392
466
507
580
637
651
713
813
817
903
949
1027
1125
1144
1161
1194
1247
1253
1254
1255
1256
1330
1423
1483
1560
1644
1743
1842
1872
1885
1973
2024
2027
2068
2139
2228
2280
2357
2381
2480
2497
2593
2692
2721
2724
2789
2794
2859
2907
2968
3049
3099
3102
3182
3245
3270
3286
3342
3437
3528
3572
3667
3749
3802
3867
3966
4063
4128
4214
4270
4355
4375
4379
4468
4531
4611
4679
4712
4770
4862
4918
4967
5007
5025
5047
5098
5112
5149
5184
5212
5248
5263
5326
5364
5409
5480
5518
5534
5630
5650
5669
5687
5767
5789
5859
5884
5946
6023
6088
6129
6141
6170
6263
6316
6380
6466
6554
6601
6687
6752
6792
6815
6884
6895
6922
7010
7082
7100
7143
7205
7287
7345
7358
7444
7527
7605
7685
7704
7762
7809
7883
7983
8015
8104
8202
8208
8295
8366
8447
8540
8560
8594
8624
8712
8714
8750
8785
8862
8901
8938
8996
9076
9094
9102
9146
9202
9261
9347
9388
9473
9572
9651
9741
9743
9797
9875
9929
9933
10004
10030
10119
10189
10245
10309
10356
10419
10514
10525
10581
10582
10679
10767
10805
10817
10850
10948
10994
11072
11121
11172
11202
11300
11398
11438
11481
11576
11604
11701
11762
11791
11878
11895
11956
12011
12105
12137
12226
12244
12283
12352
12370
12376
12451
12527
12604
12679
12691
12707
12742
12785
12835
12929
13025
13061
13117
13158
13174
13254
13341
13421
13453
13457
13458
13461
13551
13603
13676
13767
13812
13879
13898
13972
14045
14106
14142
14149
14240
14294
14365
14420
14466
14474
14557
14654
14678
14764
14848
14851
14897
14972
15028
15072
15158
15160
15241
15304
15306
15326
15332
15405
15487
15546
15547
15562
15596
15598
15686
15690
15753
15844
15845
15894
15902
15994
16092
16158
16256
16325
16398
16420
16448
16478
16524
16571
16592
16675
16709
16795
16841
16893
16977
16995
17000
17070
17136
17196
17274
17373
17472
17532
17573
17640
17679
17682
17722
17737
17812
17908
17954
18018
18046
18079
18152
18188
18269
18337
18349
18375
18406
18417
18425
18512
18574
18613
18709
18784
18825
18904
18971
19030
19119
19198
19259
19292
19368
19449
19510
19521
19564
19601
19670
19763
19856
19861
19908
19965
19976
20044
20141
20171
20198
20200
20244
20291
20380
20467
20507
20592
20686
20687
20747
20793
20868
20918
20934
20948
20953
21035
21036
21067
21153
21170
21257
21263
21316
21401
21458
21471
21501
21518
21583
21650
21701
21740
21764
21783
21825
21840
21908
21935
21992
22044
22102
22106
22206
22248
22271
22276
22339
22392
22489
22510
22514
22584
22613
22623
22661
22744
22799
22812
22822
22907
22990
23019
23063
23108
23123
23195
23279
23325
23327
23344
23374
23426
23429
23498
23545
23556
23634
23651
23701
23755
23823
23831
23885
23982
24078
24125
24127
24157
24203
24285
24328
24372
24393
24421
24494
24515
24615
24704
24758
24785
24827
24882
24907
24987
25063
25074
25172
25263
25314
25359
25381
25401
25487
25538
25592
25611
25659
25702
25712
25731
25824
25909
25926
26003
26011
26025
26028
26049
26080
26137
26175
26267
26328
26415
26427
26486
26548
26563
26641
26724
26761
26854
26940
27010
27014
27025
27124
27153
27200
27285
27375
27474
27548
27586
27637
27723
27782
27847
27888
27976
27997
27999
28067
28167
28205
28250
28295
28355
28397
28452
28524
28622
28648
28649
28692
28703
28778
28792
28890
28913
29004
29046
29059
29157
29168
29263
29318
29365
29415
29457
29476
29511
29544
29589
29647
29683
29773
29782
29857
29912
29949
29984
29997
30040
30059
30149
30242
30264
30325
30346
30439
30516
30537
30608
30616
30713
30730
30807
30862
30898
30977
31072
31133
31228
31259
31286
31375
31463
31494
31520
31558
31594
31659
31690
31695
31723
31769
31783
31788
31852
31927
32004
32069
32143
32149
32202
32238
32311
32391
32406
32495
32515
32594
32664
32713
32743
32805
32839
32866
32964
33064
33093
33113
33154
33245
33279
33300
33334
33383
33413
33437
33526
33552
33642
33647
33692
33739
33802
33867
33926
33998
34092
34150
34221
34228
34327
34369
34467
34564
34664
34761
34775
34866
34965
35046
35104
35191
35288
35292
35306
35371
35445
35519
35602
35616
35637
35642
35721
35788
35814
35888
35914
35989
35999
36075
36175
36248
36265
36363
36463
36563
36628
36698
36779
36858
36951
37045
37046
37074
37110
37186
37214
37287
37364
37393
37416
37427
37466
37515
37533
37579
37612
37687
37718
37796
37853
37945
38024
38119
38185
38238
38243
38273
38366
38434
38477
38513
38587
38683
38755
38854
38939
38976
38985
38994
39019
39087
39100
39186
39252
39298
39305
39402
39417
39454
39534
39546
39584
39674
39739
39765
39811
39851
39881
39973
40014
40105
40196
40277
40340
40355
40379
40380
40392
40416
40421
40474
40513
40542
40589
40605
40678
40732
40784
40820
40919
41015
41112
41203
41238
41265
41330
41333
41357
41411
41511
41601
41662
41749
41778
41786
41837
41897
41996
42029
42094
42104
42123
42166
42225
42293
42351
42389
42417
42497
42581
42596
42616
42642
42699
42705
42769
42776
42848
42855
42921
42950
42964
43017
43105
43167
43168
43241
43279
43372
43393
43394
43400
43412
43457
43518
43555
43574
43628
43670
43682
43769
43782
43823
43896
43983
44024
44111
44126
44174
44238
44272
44304
44319
44383
44461
44527
44573
44625
44627
44695
44753
44833
44903
44905
44909
44955
44976
44991
45053
45150
45194
45195
45220
45228
45295
45333
45350
45414
45439
45473
45509
45527
45542
45607
45677
45734
45788
45869
45872
45900
45902
46000
46089
46092
46106
46167
46169
46178
46264
46294
46352
46360
46458
46496
46590
46619
46670
46729
46792
46878
46935
47004
47089
47179
47184
47266
47332
47423
47522
47538
47561
47652
47748
47768
47858
47957
47996
48020
48029
48074
48120
48155
48197
48289
48295
48315
48343
48437
48499
48569
48596
48690
48717
48774
48775
48819
48848
48885
48910
48948
49011
49034
49069
49127
49144
49153
49251
49346
49352
49423
49458
49530
49577
49582
49651
49686
49737
49828
49881
49925
49943
50043
50064
50101
50185
50206
50248
50296
50371
50377
50466
50471
50493
50580
50635
50712
50723
50764
50819
50917
50940
51029
51042
51109
51122
51216
51273
51332
51333
51353
