475
522
534
620
652
706
764
850
884
941
968
970
1046
1144
1194
1289
1381
1447
1518
1537
1606
1647
1694
1724
1809
1875
1913
1975
2060
2079
2169
2214
2268
2303
2349
2388
2438
2458
2474
2556
2603
2692
2695
2699
2731
2746
2754
2838
2869
2918
2987
3008
3024
3056
3150
3165
3239
3336
3339
3424
3515
3582
3610
3654
3716
3729
3764
3797
3827
3844
3873
3877
3938
3942
4034
4111
4187
4278
4337
4393
4445
4531
4550
4567
4616
4632
4729
4762
4861
4915
4963
5028
5082
5181
5236
5331
5356
5429
5499
5535
5631
5646
5662
5720
5795
5832
5847
5940
5973
6025
6076
6158
6249
6273
6370
6413
6497
6531
6543
6556
6624
6693
6713
6765
6804
6809
6899
6917
6989
7082
7155
7235
7309
7394
7439
7449
7541
7571
7646
7671
7756
7802
7885
7918
7989
8083
8086
8123
8171
8216
8289
8319
8408
8507
8547
8641
8662
8731
8768
8816
8838
8891
8983
9062
9149
9199
9241
9255
9316
9404
9455
9535
9630
9687
9740
9806
9897
9958
10006
10054
10140
10226
10278
10358
10419
10495
10504
10572
10668
10691
10766
10768
10782
10803
10817
10857
10869
10925
11009
11070
11162
11200
11243
11273
11340
11386
11469
11551
11599
11691
11778
11779
11806
11887
11928
12017
12031
12089
12090
12128
12147
12175
12219
12266
12320
12332
12432
12490
12501
12568
12613
12620
12697
12725
12752
12838
12871
12914
12938
12953
12956
13038
13115
13185
13253
13260
13286
13365
13451
13513
13548
13593
13618
13622
13652
13689
13743
13827
13888
13968
14013
14018
14050
14096
14179
14186
14208
14265
14281
14291
14383
14481
14567
14624
14722
14761
14769
14835
14896
14991
15033
15047
15114
15144
15240
15264
15302
15312
15374
15427
15492
15524
15591
15631
15640
15669
15749
15830
15890
15967
16010
16034
16077
16091
16166
16221
16255
16295
16352
16365
16429
16442
16502
16574
16621
16624
16678
16719
16733
16803
16851
16932
16958
16960
17013
17112
17122
17204
17243
17298
17339
17358
17433
17473
17568
17614
17687
17750
17817
17881
17959
18023
18084
18161
18230
18261
18309
18384
18404
18459
18482
18505
18603
18627
18666
18678
18725
18811
18829
18832
18852
18950
19036
19090
19181
19276
19343
19378
19419
19451
19533
19582
19672
19772
19783
19848
19917
20009
20026
20028
20032
20066
20111
20169
20233
20306
20396
20402
20476
20563
20661
20737
20809
20909
21006
21073
21137
21165
21265
21319
21325
21351
21402
21408
21455
21534
21587
21666
21714
21744
21828
21830
21891
21933
21976
21994
22004
22067
22154
22227
22272
22358
22379
22460
22504
22526
22560
22589
22615
22687
22727
22811
22844
22850
22885
22985
23056
23070
23119
23154
23233
23312
23351
23403
23489
23587
23680
23709
23778
23871
23948
23958
23970
24045
24140
24188
24193
24227
24298
24361
24405
24463
24518
24571
24626
24671
24691
24730
24812
24826
24845
24885
24942
24945
24983
25038
25116
25159
25181
25206
25234
25288
25304
25365
25461
25498
25560
25613
25630
25714
25807
25882
25945
26018
26094
26150
26240
26313
26373
26427
26482
26532
26560
26651
26659
26733
26788
26879
26886
26906
26985
27072
27078
27127
27146
27155
27165
27180
27279
27369
27372
27404
27427
27510
27532
27566
27647
27666
27741
27831
27898
27983
28051
28123
28130
28133
28201
28232
28276
28312
28346
28435
28529
28601
28694
28714
28763
28843
28845
28927
28971
28981
29016
29102
29191
29212
29281
29325
29417
29424
29502
29581
29655
29695
29768
29850
29876
29906
29979
30053
30070
30134
30142
30201
30286
30312
30348
30365
30457
30555
30627
30688
30748
30768
30835
30845
30861
30899
30918
30994
31047
31095
31154
31235
31260
31336
31340
31387
31398
31486
31547
31571
31625
31656
31680
31731
31779
31823
31882
31888
31975
31991
32029
32051
32097
32125
32141
32173
32189
32238
32310
32313
32386
32443
32458
32552
32617
32658
32685
32705
32719
32801
32824
32840
32883
32891
32918
33010
33014
33049
33073
33108
33154
33254
33292
33299
33336
33357
33358
33405
33469
33479
33568
33589
33671
33703
33783
33791
33847
33861
33883
33974
34048
34118
34123
34156
34228
34273
34318
34390
34438
34468
34540
34614
34636
34641
34653
34704
34761
34848
34903
34909
34973
35034
35049
35092
35112
35202
35269
35271
35326
35356
35369
35371
35453
35456
35486
35561
35596
35617
35658
35714
35790
35832
35918
35967
36055
36139
36238
36303
36345
36437
36452
36482
36572
36630
36723
36788
36821
36856
36917
36918
36998
37097
37128
37162
37255
37302
37331
37427
37513
37555
37561
37648
37674
37731
37774
37871
37904
38003
38004
38014
38048
38069
38154
38229
38297
38302
38386
38460
38481
38482
38488
38581
38612
38659
38693
38745
38759
38814
38869
38939
38973
39043
39106
39198
39252
39297
39349
39385
39389
39463
39500
39530
39544
39585
39648
39744
39828
39896
39953
39958
39994
40060
40157
40232
40241
40341
40411
40504
40561
40590
40687
40729
40740
40829
40888
40959
41024
41079
41093
41152
41157
41182
41240
41335
41359
41436
41445
41470
41493
41566
41614
41636
41720
41736
41803
41868
41914
42010
42042
42114
42179
42185
42196
42286
42362
42424
42448
42546
42623
42662
42754
42798
42886
42897
42992
43025
43056
43057
43137
43191
43231
43270
43312
43398
43480
43526
43621
43676
43740
43778
43877
43899
43963
44012
44084
44128
44212
44227
44305
44342
44398
44449
44525
44608
44654
44663
44749
44772
44797
44838
44888
44933
44948
44983
45037
45112
45117
45188
45198
45212
45226
45324
45348
45411
45487
45557
45558
45583
45680
45765
45845
45888
45983
46022
46114
46140
46205
46240
46315
46317
46408
46467
46541
46598
46663
46759
46841
46842
46843
46897
46911
46966
47062
47077
47083
47177
47276
47306
47332
47416
47510
47523
47540
47616
47681
47724
47754
47784
47855
47880
47964
48024
48105
48127
48178
48203
48252
48254
48306
48378
48456
48531
48578
48616
48696
48717
48756
48817
48916
48937
49028
49121
49198
49225
49310
49361
49416
49506
49592
49608
49681
49714
49731
49831
49851
49913
49919
49935
49977
50003
50041
50061
50069
50080
50104
50145
50165
50188
50215
50297
50319
50394
50493
50563
50643
50726
50802
50878
50932
51012
51095
51160
51192
51260
51337
51384
51457
51525
