978
1070
1115
1214
1256
1330
1358
1438
1465
1509
1562
1576
1628
1673
1745
1783
1829
1886
1915
1955
1980
2005
2041
2094
2172
2250
2258
2303
2343
2440
2511
2576
2668
2744
2807
2817
2913
2941
2947
2959
2964
2994
3028
3071
3154
3204
3213
3229
3279
3326
3373
3414
3479
3538
3615
3705
3764
3821
3828
3888
3893
3950
4007
4086
4119
4166
4178
4238
4296
4330
4386
4459
4466
4481
4576
4633
4694
4708
4714
4780
4787
4826
4908
4913
4974
5061
5158
5245
5289
5319
5401
5456
5534
5619
5700
5712
5765
5833
5915
5960
5996
6063
6152
6224
6251
6285
6335
6395
6460
6464
6534
6548
6574
6650
6676
6679
6761
6854
6860
6933
6937
6963
7051
7105
7156
7247
7301
7377
7395
7453
7536
7636
7706
7761
7821
7835
7894
7953
7981
8079
8120
8191
8236
8284
8342
8380
8412
8416
8493
8544
8600
8679
8750
8844
8930
8981
9071
9161
9201
9253
9302
9393
9476
9506
9579
9628
9683
9701
9754
9761
9830
9896
9911
10003
10005
10105
10137
10199
10296
10396
10470
10568
10580
10615
10707
10763
10837
10919
10925
11020
11058
11067
11129
11188
11280
11362
11454
11536
11619
11639
11652
11678
11699
11754
11823
11907
11968
12063
12072
12170
12214
12249
12259
12263
12292
12358
12419
12476
12477
12496
12579
12675
12759
12789
12861
12898
12912
12939
12978
13034
13097
13135
13139
13226
13319
13338
13368
13446
13522
13532
13578
13627
13691
13736
13815
13862
13934
14001
14097
14110
14140
14150
14160
14215
14217
14297
14368
14421
14451
14484
14582
14655
14669
14749
14839
14881
14966
15046
15138
15209
15307
15358
15428
15504
15525
15611
15670
15690
15759
15779
15865
15885
15927
15984
16056
16084
16163
16234
16297
16382
16422
16462
16477
16489
16518
16560
16596
16615
16624
16657
16734
16797
16823
16883
16959
16982
17004
17028
17103
17136
17159
17167
17175
17251
17265
17273
17290
17300
17340
17428
17436
17530
17541
17563
17599
17665
17719
17786
17804
17869
17903
17984
18049
18146
18181
18274
18311
18374
18399
18477
18540
18579
18583
18626
18683
18728
18773
18776
18853
18913
18980
19042
19124
19162
19208
19290
19346
19353
19367
19405
19433
19459
19547
19639
19684
19774
19788
19806
19886
19888
19899
19934
19999
20097
20160
20230
20298
20340
20399
20471
20477
20512
20593
20597
20673
20772
20792
20878
20896
20958
21054
21093
21108
21167
21252
21314
21327
21368
21395
21428
21516
21537
21626
21644
21708
21711
21725
21783
21785
21882
21925
21941
21945
21955
21969
22025
22051
22145
22200
22293
22296
22318
22340
22408
22486
22528
22567
22587
22620
22651
22692
22776
22784
22797
22871
22969
23002
23096
23144
23158
23196
23242
23323
23348
23420
23456
23537
23601
23693
23713
23749
23829
23855
23929
24000
24003
24027
24127
24141
24212
24242
24300
24397
24472
24559
24604
24631
24695
24696
24748
24780
24811
24884
24961
25033
25076
25166
25252
25333
25337
25407
25433
25521
25529
25573
25645
25700
25777
25816
25882
25947
26019
26060
26119
26181
26216
26272
26371
26381
26418
26498
26574
26634
26722
26726
26805
26808
26852
26859
26917
26996
27056
27129
27204
27297
27324
27407
27483
27573
27575
27605
27612
27690
27771
27809
27886
27942
28004
28047
28114
28122
28211
28261
28324
28420
28436
28519
28616
28656
28723
28765
28855
28939
29012
29057
29143
29227
29298
29370
29413
29509
29518
29531
29552
29571
29652
29688
29723
29737
29798
29816
29871
29901
29996
30080
30127
30207
30210
30221
30246
30268
30358
30438
30499
30575
30631
30665
30714
30788
30792
30807
30827
30892
30904
30978
31014
31028
31041
31063
31134
31205
31248
31280
31338
31423
31484
31550
31627
31673
31724
31817
31914
31958
32015
32078
32127
32166
32195
32234
32276
32285
32355
32395
32472
32497
32544
32546
32562
32633
32666
32756
32855
32859
32899
32930
32979
33016
33075
33146
33196
33228
33270
33308
33403
33479
33493
33547
33559
33633
33701
33773
33843
33932
33939
34029
34039
34085
34160
34167
34194
34252
34305
34330
34371
34380
34402
34442
34480
34495
34560
34597
34616
34684
34724
34733
34821
34849
34942
35042
35070
35127
35147
35156
35189
35262
35333
35413
35443
35531
35612
35694
35724
35780
35809
35836
35888
35960
36018
36082
36116
36193
36215
36247
36343
36391
36406
36468
36539
36631
36708
36801
36816
36861
36957
36977
37037
37101
37181
37185
37254
37350
37427
37486
37535
37597
37617
37678
37768
37842
37870
37968
38008
38076
38118
38179
38205
38207
38260
38262
38332
38391
38432
38444
38518
38559
38609
38680
38757
38813
38899
38973
38992
39049
39092
39122
39146
39201
39215
39278
39327
39365
39444
39501
39586
39681
39727
39784
39790
39795
39891
39946
39967
39993
40061
40106
40146
40186
40255
40290
40336
40342
40439
40510
40529
40544
40597
40653
40722
40741
40766
40823
40858
40955
40987
41052
41100
41129
41213
41311
41347
41384
41392
41417
41449
41518
41577
41623
41679
41703
41768
41848
41936
41940
41978
42001
42005
42097
42111
42126
42198
42239
42265
42330
42423
42436
42514
42585
42666
42687
42736
42786
42793
42803
42828
42891
42956
43040
43061
43062
43077
43109
43117
43210
43252
43265
43278
43361
43413
43478
43569
43596
43638
43736
43755
43770
43820
43901
43973
43977
44024
44103
44125
44221
44240
44340
44406
44500
44513
44565
44621
44685
44721
44794
44807
44808
44868
44962
44976
45059
45117
45154
45222
45285
45350
45422
45449
45513
45578
45590
45605
45631
45664
45678
45728
45775
45817
45879
45941
46000
46097
46161
46195
46253
46255
46284
46315
46370
46464
46470
46505
46521
46569
46657
46751
46832
46854
46908
46923
46963
46976
47067
47075
47109
47177
47250
47349
47406
47441
47444
47489
47512
47518
47606
47659
47758
47801
47883
47976
48072
48080
48101
48135
48160
48209
48236
48277
48305
48338
48356
48393
48473
48475
48525
48526
48581
48585
48618
48643
48672
48769
48838
48932
48984
49010
49087
49117
49181
49235
49291
49300
49355
49396
49414
49481
49579
49645
49690
49718
49812
49824
49852
49869
49944
50011
50080
50088
50126
50216
50301
50341
50343
50387
50454
50495
50513
50542
50621
50673
50699
50774
50794
50852
50855
50907
50979
51059
51152
51178
51205
51212
