134
150
170
222
306
393
437
492
514
591
690
717
777
778
867
875
918
1006
1019
1028
1108
1203
1271
1288
1369
1406
1502
1548
1596
1678
1684
1754
1767
1860
1895
1959
2002
2022
2079
2172
2210
2289
2351
2391
2412
2468
2536
2636
2682
2767
2776
2874
2880
2941
2976
2995
3003
3004
3019
3090
3116
3169
3234
3239
3286
3353
3376
3466
3515
3532
3623
3645
3652
3698
3720
3776
3849
3919
3958
4036
4118
4130
4176
4186
4239
4322
4396
4450
4484
4539
4583
4635
4716
4721
4731
4759
4858
4954
5033
5123
5133
5162
5227
5251
5297
5300
5337
5363
5379
5416
5489
5517
5542
5641
5696
5791
5833
5919
6004
6010
6040
6136
6221
6256
6316
6342
6388
6399
6420
6467
6532
6595
6635
6720
6819
6841
6887
6936
6967
7056
7096
7153
7221
7294
7331
7418
7452
7458
7533
7560
7584
7601
7609
7626
7657
7745
7761
7816
7869
7889
7929
7972
8071
8076
8084
8140
8189
8203
8251
8268
8366
8370
8431
8488
8499
8549
8579
8630
8632
8725
8763
8787
8852
8895
8937
9009
9052
9054
9091
9115
9156
9213
9229
9246
9300
9379
9389
9408
9442
9492
9564
9626
9640
9687
9735
9794
9887
9983
10056
10064
10137
10201
10216
10309
10385
10428
10506
10514
10521
10606
10692
10784
10809
10825
10891
10945
10964
11030
11121
11155
11227
11323
11357
11417
11418
11448
11481
11524
11548
11610
11662
11699
11741
11816
11911
11966
12055
12144
12220
12233
12256
12338
12349
12381
12400
12458
12519
12574
12661
12743
12824
12919
12920
12998
13072
13148
13189
13247
13322
13352
13371
13460
13497
13545
13613
13623
13661
13752
13811
13901
13936
13975
13995
14078
14159
14204
14283
14377
14422
14429
14476
14537
14629
14704
14715
14796
14857
14935
14956
15020
15084
15140
15150
15197
15277
15339
15421
15445
15534
15595
15638
15688
15776
15823
15889
15891
15962
16050
16111
16177
16211
16305
16355
16402
16499
16563
16620
16621
16698
16765
16822
16882
16890
16961
17018
17069
17096
17192
17206
17218
17312
17379
17398
17406
17422
17480
17493
17539
17545
17586
17677
17680
17739
17756
17776
17843
17922
17971
17984
18070
18121
18189
18204
18239
18285
18339
18372
18455
18535
18585
18600
18675
18753
18781
18814
18888
18908
18997
19033
19087
19113
19155
19195
19210
19266
19366
19425
19471
19569
19652
19724
19751
19811
19878
19901
19951
20017
20107
20139
20175
20185
20285
20351
20356
20371
20448
20470
20554
20605
20616
20618
20659
20660
20712
20723
20769
20817
20862
20871
20922
20931
20976
21006
21023
21042
21076
21087
21118
21214
21292
21302
21385
21417
21446
21462
21558
21632
21689
21750
21753
21844
21856
21916
21966
21991
22084
22113
22118
22215
22294
22347
22399
22431
22493
22538
22574
22612
22694
22728
22768
22855
22939
22962
23056
23115
23116
23150
23175
23232
23322
23398
23445
23512
23528
23559
23611
23705
23718
23777
23864
23939
23974
24022
24072
24075
24167
24172
24261
24346
24389
24413
24498
24568
24599
24648
24709
24769
24800
24870
24892
24986
25011
25076
25095
25134
25197
25250
25266
25364
25377
25389
25409
25424
25499
25577
25657
25683
25689
25783
25860
25959
26036
26044
26110
26185
26240
26284
26300
26396
26474
26524
26571
26612
26708
26751
26815
26891
26901
26935
27003
27006
27060
27124
27217
27272
27322
27422
27489
27583
27632
27644
27662
27710
27774
27848
27918
27936
27969
28005
28082
28095
28133
28189
28229
28248
28251
28260
28326
28392
28420
28482
28518
28532
28540
28589
28625
28715
28718
28753
28825
28864
28963
29010
29106
29134
29196
29282
29339
29340
29400
29467
29515
29610
29651
29686
29727
29806
29824
29907
29947
29974
30065
30068
30116
30198
30234
30307
30315
30316
30362
30447
30462
30470
30491
30532
30606
30677
30774
30776
30844
30919
30980
31080
31101
31115
31214
31230
31234
31250
31334
31430
31484
31503
31553
31583
31678
31761
31859
31947
31998
32088
32096
32100
32119
32171
32223
32287
32347
32369
32395
32474
32544
32578
32585
32682
32761
32807
32830
32838
32882
32927
32941
33012
33090
33113
33171
33255
33319
33389
33420
33426
33431
33519
33520
33583
33612
33635
33685
33761
33812
33831
33912
33916
33927
34022
34122
34187
34239
34279
34358
34425
34481
34486
34563
34643
34726
34751
34833
34919
34962
34971
35056
35109
35116
35197
35252
35295
35360
35448
35510
35516
35569
35571
35630
35680
35727
35803
35872
35892
35992
36020
36097
36140
36237
36260
36311
36376
36463
36468
36532
36582
36599
36688
36760
36842
36883
36887
36900
36949
37032
37064
37076
37171
37258
37289
37325
37392
37449
37486
37499
37574
37605
37662
37708
37729
37761
37831
37868
37907
37949
38006
38071
38092
38140
38171
38261
38322
38399
38442
38505
38545
38613
38691
38705
38720
38750
38807
38835
38897
38969
39008
39022
39059
39158
39184
39243
39310
39401
39454
39546
39621
39667
39694
39728
39812
39839
39925
39971
40070
40113
40116
40148
40231
40240
40319
40366
40438
40449
40458
40555
40611
40639
40720
40745
40823
40898
40961
40989
41041
41093
41168
41206
41228
41240
41288
41367
41412
41496
41519
41522
41571
41638
41697
41705
41770
41830
41888
41971
41974
42008
42045
42051
42055
42130
42203
42211
42238
42242
42244
42245
42274
42329
42351
42440
42442
42502
42522
42588
42617
42666
42716
42795
42847
42930
43005
43032
43077
43144
43186
43248
43277
43325
43399
43401
43488
43548
43639
43669
43723
43782
43873
43942
44016
44062
44129
44145
44213
44256
44320
44328
44415
44467
44537
44600
44687
44702
44731
44809
44892
44912
44991
45031
45095
45174
45205
45212
45309
45394
45402
45496
45566
45598
45630
45669
45719
45802
45803
45846
45869
45932
45938
45951
45970
45976
46038
46077
46175
46226
46298
46341
46420
46467
46553
46568
46653
46735
46753
46763
46797
46894
46898
46931
46943
46954
46973
47039
47086
47172
47174
47245
47333
47396
47459
47473
47532
47615
47689
47692
47707
47781
47873
47944
47963
48008
48108
48144
48145
48193
48256
48321
48374
48451
48548
48648
48717
48796
48845
48923
48988
49059
49139
49208
49248
49329
49429
49481
49524
49573
49604
49617
49623
49670
49688
49708
49796
49837
49915
49976
50046
50078
