471
521
567
655
735
800
822
869
910
932
970
976
1019
1058
1111
1178
1181
1185
1204
1274
1324
1369
1469
1540
1541
1631
1695
1717
1798
1831
1841
1908
1915
1926
1936
1939
2020
2056
2109
2142
2221
2237
2303
2347
2410
2504
2597
2629
2663
2709
2738
2786
2831
2883
2939
3002
3084
3149
3238
3242
3302
3347
3353
3431
3435
3529
3606
3654
3722
3763
3776
3826
3877
3901
3986
4009
4019
4028
4092
4141
4226
4295
4390
4470
4547
4585
4671
4750
4813
4906
4947
5033
5082
5087
5143
5159
5251
5333
5350
5358
5450
5481
5495
5545
5608
5692
5779
5828
5860
5918
5992
6071
6096
6128
6184
6214
6247
6260
6316
6356
6414
6483
6565
6617
6685
6705
6727
6779
6815
6824
6845
6942
7012
7063
7105
7149
7202
7269
7326
7349
7435
7443
7461
7530
7617
7640
7647
7654
7748
7784
7799
7839
7918
7994
8055
8070
8140
8211
8267
8362
8364
8425
8497
8544
8548
8581
8610
8612
8693
8740
8805
8888
8983
9049
9135
9195
9217
9307
9385
9406
9491
9581
9612
9700
9715
9736
9800
9824
9872
9874
9949
10043
10122
10137
10153
10158
10185
10198
10254
10345
10420
10482
10557
10634
10678
10694
10715
10804
10904
10933
10995
11029
11058
11118
11217
11304
11317
11380
11452
11487
11585
11676
11723
11816
11828
11928
11986
12016
12036
12071
12165
12252
12268
12302
12382
12438
12528
12628
12667
12678
12748
12771
12829
12856
12938
12999
13081
13126
13209
13249
13263
13335
13404
13501
13586
13600
13681
13763
13791
13875
13937
14003
14072
14118
14161
14216
14273
14304
14378
14381
14476
14537
14609
14690
14716
14799
14833
14877
14974
15018
15105
15148
15186
15205
15276
15292
15379
15440
15513
15578
15675
15679
15726
15806
15837
15930
16008
16010
16078
16136
16228
16232
16284
16343
16440
16462
16536
16621
16674
16773
16862
16955
17019
17050
17088
17133
17228
17293
17380
17382
17410
17483
17513
17596
17645
17652
17704
17780
17830
17874
17971
18044
18114
18118
18166
18199
18210
18302
18316
18371
18438
18458
18468
18473
18483
18537
18583
18620
18709
18719
18787
18838
18927
18955
19024
19087
19174
19217
19253
19344
19351
19367
19393
19473
19547
19646
19649
19665
19755
19802
19898
19900
19941
20012
20047
20133
20147
20150
20226
20263
20334
20379
20443
20479
20498
20579
20606
20691
20757
20793
20840
20873
20901
20997
21087
21161
21212
21224
21293
21350
21375
21475
21537
21593
21616
21640
21684
21765
21838
21860
21890
21978
22056
22113
22195
22271
22367
22413
22414
22428
22430
22464
22483
22581
22629
22689
22769
22813
22889
22911
23005
23059
23111
23134
23228
23328
23358
23416
23479
23504
23513
23528
23600
23648
23665
23673
23715
23815
23911
23915
23947
24033
24099
24158
24240
24323
24370
24448
24531
24535
24615
24665
24725
24727
24763
24834
24933
24980
25018
25072
25124
25158
25189
25194
25204
25250
25324
25378
25431
25451
25547
25623
25690
25695
25726
25727
25798
25886
25940
25962
25994
26081
26161
26165
26235
26302
26378
26399
26456
26482
26486
26528
26620
26674
26686
26756
26832
26891
26982
27044
27134
27226
27271
27315
27325
27382
27388
27456
27488
27513
27605
27689
27735
27768
27836
27914
27936
27994
28047
28051
28149
28193
28228
28283
28284
28305
28403
28445
28516
28603
28700
28710
28714
28808
28857
28941
28967
28994
29039
29053
29131
29162
29254
29312
29343
29390
29452
29548
29636
29730
29807
29876
29946
29983
30005
30051
30133
30184
30270
30344
30347
30444
30464
30467
30508
30591
30622
30636
30651
30724
30819
30841
30927
31017
31062
31137
31235
31265
31364
31392
31453
31506
31600
31614
31621
31668
31768
31861
31887
31901
31926
31976
32073
32119
32130
32156
32221
32243
32261
32293
32388
32391
32418
32505
32525
32560
32652
32751
32784
32869
32944
32962
32994
33044
33104
33109
33204
33252
33301
33378
33436
33503
33512
33542
33562
33655
33683
33713
33799
33852
33945
33965
34022
34100
34126
34184
34250
34327
34403
34453
34514
34519
34595
34687
34732
34783
34828
34860
34877
34968
34974
35053
35092
35135
35211
35216
35251
35342
35399
35492
35519
35545
35590
35646
35693
35784
35861
35874
35936
35956
36049
36117
36138
36213
36270
36303
36353
36365
36408
36477
36538
36565
36643
36719
36796
36880
36906
37005
37093
37123
37162
37235
37282
37285
37349
37391
37392
37404
37444
37525
37604
37643
37671
37724
37771
37818
37819
37842
37929
37999
38014
38045
38134
38151
38251
38269
38293
38305
38335
38352
38365
38434
38445
38480
38552
38610
38669
38692
38780
38814
38828
38855
38878
38921
38994
39024
39087
39125
39164
39225
39232
39311
39340
39347
39350
39397
39416
39472
39523
39619
39684
39712
39734
39769
39776
39860
39914
39990
40051
40145
40185
40189
40271
40313
40322
40413
40473
40524
40528
40578
40633
40665
40728
40783
40870
40920
41011
41095
41152
41168
41232
41276
41319
41324
41395
41411
41443
41448
41528
41620
41659
41730
41821
41826
41883
41931
42024
42117
42213
42236
42323
42366
42437
42474
42492
42548
42629
42704
42729
42829
42833
42843
42845
42941
43031
43049
43090
43112
43173
43270
43354
43420
43451
43531
43537
43599
43688
43774
43796
43862
43870
43918
43924
43990
44007
44010
44084
44131
44160
44241
44248
44269
44278
44336
44337
44362
44428
44506
44524
44582
44633
44715
44754
44797
44822
44845
44924
44985
45060
45089
45147
45207
45303
45306
45377
45410
45415
45500
45531
45623
45658
45686
45754
45799
45883
45980
46029
46048
46114
46203
46250
46335
46435
46510
46563
46614
46702
46733
46735
46810
46827
46919
47019
47028
47065
47149
47204
47206
47260
47299
47392
47405
47491
47552
47593
47670
47754
47811
47838
47855
47913
47982
47983
48030
48062
48067
48072
48119
48170
48184
48279
48340
48370
48405
48424
48478
48528
48564
48616
48677
48774
48844
48919
48993
49089
49102
49142
49222
49288
49291
49309
49333
49351
49353
49423
49485
49561
49622
49684
49704
49727
49823
49914
49975
50055
50129
50226
50309
50329
50349
50439
50455
50502
50599
50674
50676
50748
50775
50812
50894
50946
50978
51015
51079
51096
51156
51194
51258
51343
51433
51444
51513
51529
51576
51623
51636
51673
51707
51758
51842
