843
845
921
958
1052
1103
1106
1181
1254
1324
1416
1472
1568
1580
1601
1624
1659
1744
1764
1859
1954
2044
2054
2122
2220
2235
2325
2390
2474
2566
2592
2611
2702
2781
2851
2886
2982
3064
3142
3145
3188
3264
3285
3354
3366
3448
3479
3557
3601
3639
3668
3671
3686
3741
3768
3863
3938
4023
4075
4103
4139
4221
4265
4319
4412
4499
4578
4661
4667
4713
4723
4772
4831
4890
4977
5022
5089
5161
5247
5300
5353
5402
5470
5562
5565
5589
5672
5767
5838
5928
6016
6060
6140
6143
6153
6198
6213
6228
6258
6347
6425
6438
6461
6558
6566
6610
6616
6630
6689
6736
6823
6865
6963
6970
7058
7115
7171
7175
7260
7282
7293
7355
7356
7381
7467
7511
7583
7594
7617
7667
7704
7775
7795
7883
7967
8019
8096
8162
8196
8274
8297
8387
8473
8536
8574
8597
8689
8707
8710
8747
8836
8871
8951
9012
9014
9058
9147
9218
9274
9286
9376
9431
9462
9495
9569
9665
9738
9747
9845
9914
9975
10044
10086
10144
10234
10319
10356
10456
10540
10573
10605
10670
10749
10826
10864
10893
10913
10943
11031
11059
11113
11116
11195
11292
11312
11346
11445
11452
11524
11532
11620
11688
11786
11796
11850
11895
11962
11978
11981
12069
12126
12170
12217
12254
12288
12357
12369
12413
12449
12476
12487
12528
12611
12651
12659
12672
12697
12768
12779
12780
12864
12912
12982
13033
13129
13170
13258
13322
13329
13361
13394
13411
13499
13500
13505
13563
13645
13707
13797
13815
13818
13897
13901
13982
14057
14127
14175
14261
14352
14377
14426
14501
14582
14585
14593
14658
14747
14825
14920
14990
15016
15026
15092
15117
15197
15212
15249
15297
15356
15384
15475
15535
15603
15667
15687
15758
15836
15927
15985
16043
16135
16174
16217
16223
16323
16342
16434
16452
16526
16551
16582
16640
16653
16656
16703
16781
16874
16906
16989
17069
17114
17207
17217
17263
17285
17381
17453
17548
17628
17640
17707
17747
17823
17865
17927
18010
18038
18129
18198
18270
18332
18337
18427
18519
18564
18626
18641
18721
18793
18837
18863
18924
19008
19009
19078
19101
19167
19266
19294
19295
19312
19375
19382
19464
19504
19510
19543
19582
19639
19732
19796
19852
19916
19936
20035
20104
20170
20245
20313
20402
20477
20515
20569
20571
20593
20617
20639
20683
20777
20834
20835
20890
20928
20961
21021
21092
21132
21178
21209
21228
21284
21367
21432
21476
21506
21580
21657
21671
21735
21799
21828
21880
21899
21914
21945
22033
22070
22108
22158
22213
22261
22313
22384
22423
22427
22498
22552
22578
22652
22703
22765
22796
22828
22888
22890
22962
23017
23093
23146
23220
23302
23369
23445
23482
23505
23529
23550
23624
23630
23708
23719
23759
23805
23838
23918
23961
23974
23986
24023
24120
24134
24150
24173
24256
24341
24418
24469
24487
24552
24647
24687
24761
24831
24868
24909
24982
25070
25099
25104
25118
25206
25209
25247
25313
25362
25378
25410
25471
25526
25622
25679
25691
25718
25726
25737
25769
25770
25853
25862
25961
25999
26003
26017
26074
26084
26175
26231
26271
26280
26369
26399
26462
26503
26578
26664
26671
26731
26786
26799
26859
26917
26966
26973
27000
27013
27083
27182
27280
27345
27378
27426
27450
27458
27505
27537
27617
27660
27714
27737
27827
27862
27904
27947
28045
28129
28216
28310
28342
28436
28461
28500
28562
28633
28647
28648
28663
28718
28766
28865
28900
28996
29018
29080
29173
29178
29275
29314
29374
29379
29462
29480
29481
29520
29561
29576
29617
29714
29814
29892
29909
29911
29964
29979
30030
30112
30145
30155
30250
30324
30416
30496
30559
30585
30605
30609
30635
30638
30663
30676
30729
30758
30780
30795
30895
30977
30981
31059
31130
31172
31193
31281
31353
31414
31431
31514
31568
31590
31683
31776
31778
31808
31818
31891
31946
32041
32125
32158
32202
32279
32280
32368
32382
32452
32460
32474
32517
32614
32622
32657
32748
32819
32831
32921
32954
32960
32969
33047
33128
33169
33177
33263
33353
33354
33386
33394
33484
33495
33553
33596
33686
33746
33846
33884
33935
33997
34060
34072
34074
34095
34189
34216
34228
34245
34288
34383
34437
34537
34538
34579
34626
34712
34783
34866
34896
34958
35026
35046
35115
35143
35230
35258
35293
35301
35396
35407
35490
35576
35672
35753
35817
35838
35855
35896
35898
35916
35960
36036
36120
36184
36252
36290
36312
36349
36350
36368
36405
36499
36529
36605
36654
36669
36692
36762
36776
36781
36838
36901
36960
37044
37072
37143
37216
37283
37311
37342
37435
37480
37515
37537
37624
37711
37783
37811
37886
37911
37978
38042
38055
38088
38135
38199
38251
38258
38277
38344
38360
38390
38448
38490
38502
38545
38553
38579
38648
38704
38804
38842
38869
38877
38917
39003
39076
39102
39171
39211
39239
39297
39319
39334
39338
39434
39483
39559
39584
39638
39728
39787
39855
39885
39915
39996
40037
40064
40076
40171
40255
40257
40285
40293
40296
40309
40350
40388
40474
40480
40543
40643
40716
40773
40843
40932
41010
41022
41056
41112
41190
41275
41346
41445
41449
41486
41582
41663
41730
41739
41799
41821
41913
41974
41990
42047
42051
42123
42179
42189
42201
42213
42236
42255
42297
42366
42369
42440
42449
42526
42605
42607
42614
42621
42705
42796
42858
42865
42929
42930
43012
43101
43168
43261
43317
43370
43432
43462
43479
43491
43502
43536
43611
43669
43684
43767
43782
43843
43870
43958
44023
44064
44100
44125
44187
44196
44289
44340
44408
44484
44560
44588
44683
44737
44790
44852
44896
44939
44986
45045
45047
45138
45213
45293
45375
45444
45454
45547
45581
45641
45677
45749
45777
45867
45911
45922
45999
46064
46157
46241
46340
46412
46450
46491
46577
46621
46684
46742
46839
46903
46962
47009
47036
47095
47170
47199
47249
47317
47405
47417
47451
47471
47542
47575
47608
47646
47696
47747
47829
47858
47896
47965
48003
48005
48015
48050
48122
48166
48246
48337
48340
48358
48434
48441
48510
48534
48572
48595
48597
48674
48768
48837
48867
48947
48968
49051
49089
49129
49225
49292
49324
49400
49464
49557
49567
49624
49634
49730
49737
49749
49802
49815
49846
49899
49958
50040
50139
50152
50169
50253
50284
50294
50392
50482
50504
50547
50606
50661
50676
50751
50818
50903
51000
51066
51093
