226
324
410
452
502
585
612
708
715
722
782
788
801
849
901
902
959
969
1014
1069
1086
1114
1179
1258
1357
1374
1444
1481
1540
1618
1694
1791
1882
1922
1940
1980
2080
2103
2142
2208
2243
2260
2338
2380
2477
2531
2596
2614
2645
2664
2686
2713
2782
2824
2893
2938
3007
3028
3091
3098
3177
3235
3257
3344
3365
3381
3412
3488
3516
3608
3689
3720
3771
3866
3951
4015
4073
4142
4236
4273
4295
4347
4416
4427
4510
4609
4661
4719
4752
4785
4846
4882
4967
5056
5146
5208
5247
5327
5391
5426
5499
5560
5566
5585
5670
5713
5732
5775
5870
5923
5970
6059
6091
6164
6220
6304
6340
6362
6419
6439
6502
6508
6529
6549
6560
6621
6682
6776
6847
6932
6935
7005
7012
7016
7092
7105
7161
7213
7262
7283
7342
7377
7463
7537
7571
7574
7670
7695
7752
7808
7891
7894
7966
7993
8075
8133
8154
8218
8289
8325
8354
8356
8412
8448
8495
8572
8600
8693
8701
8728
8822
8828
8859
8884
8919
8973
9026
9057
9157
9249
9281
9303
9381
9435
9499
9509
9572
9609
9663
9737
9828
9864
9905
9952
9980
10050
10057
10154
10165
10206
10220
10307
10364
10381
10473
10553
10598
10698
10784
10870
10931
10979
10997
11042
11083
11091
11156
11223
11248
11313
11395
11479
11558
11577
11647
11679
11751
11832
11900
11956
11985
12002
12004
12022
12075
12114
12193
12215
12254
12284
12351
12412
12468
12518
12571
12580
12629
12636
12721
12725
12739
12805
12905
12962
13047
13050
13083
13166
13237
13256
13259
13267
13323
13356
13445
13474
13476
13527
13583
13591
13681
13743
13776
13804
13834
13881
13975
14071
14115
14124
14169
14268
14312
14395
14463
14488
14545
14628
14644
14711
14790
14833
14842
14860
14926
14939
14984
15061
15127
15155
15207
15282
15360
15451
15454
15553
15571
15596
15617
15683
15742
15801
15876
15960
16056
16084
16150
16178
16217
16220
16241
16297
16329
16392
16457
16554
16597
16605
16632
16681
16721
16768
16770
16853
16949
16975
17066
17109
17196
17251
17260
17359
17433
17477
17507
17567
17645
17702
17741
17816
17856
17872
17923
18015
18078
18169
18212
18245
18287
18374
18439
18536
18633
18690
18721
18741
18785
18879
18947
19022
19062
19114
19148
19205
19304
19313
19395
19464
19469
19501
19577
19584
19628
19667
19707
19761
19786
19802
19839
19897
19938
19986
19991
19998
20016
20021
20083
20154
20209
20254
20339
20412
20415
20498
20508
20522
20542
20613
20624
20710
20716
20760
20833
20847
20898
20976
20986
21023
21102
21144
21169
21203
21248
21250
21266
21336
21436
21492
21544
21632
21645
21669
21700
21781
21812
21879
21905
21912
21958
21998
22034
22089
22158
22176
22190
22243
22340
22435
22522
22567
22570
22614
22698
22791
22855
22937
23007
23045
23108
23198
23227
23295
23347
23395
23447
23488
23553
23575
23636
23672
23733
23824
23904
23925
23945
23966
23996
24082
24107
24124
24135
24205
24285
24381
24454
24458
24497
24522
24567
24602
24643
24691
24708
24724
24819
24836
24873
24932
25026
25088
25166
25213
25287
25313
25413
25436
25451
25541
25565
25573
25606
25683
25754
25802
25813
25913
25944
25978
26012
26057
26116
26161
26223
26241
26251
26276
26364
26431
26494
26539
26559
26582
26668
26720
26780
26797
26842
26866
26902
26999
27016
27032
27044
27065
27143
27211
27268
27312
27356
27361
27415
27499
27579
27666
27702
27752
27840
27925
27990
28067
28074
28132
28230
28302
28328
28414
28503
28580
28581
28646
28648
28663
28756
28772
28832
28894
28961
28984
29048
29085
29184
29217
29304
29381
29393
29417
29430
29455
29527
29591
29673
29722
29737
29757
29811
29844
29862
29956
29986
30005
30088
30101
30201
30293
30368
30417
30513
30546
30548
30622
30652
30684
30691
30784
30882
30978
31063
31073
31120
31216
31277
31362
31437
31520
31605
31624
31700
31713
31811
31896
31985
32055
32084
32130
32200
32215
32231
32257
32318
32404
32425
32476
32525
32540
32553
32634
32727
32799
32888
32938
32998
33073
33080
33085
33102
33132
33201
33261
33323
33420
33445
33500
33508
33557
33561
33597
33692
33744
33820
33890
33938
33940
34021
34032
34095
34156
34246
34279
34294
34336
34404
34422
34481
34579
34582
34591
34638
34702
34720
34747
34839
34910
34966
35017
35104
35177
35193
35242
35270
35310
35360
35400
35425
35495
35497
35525
35552
35557
35653
35655
35709
35749
35831
35858
35937
36033
36096
36119
36186
36213
36270
36272
36342
36379
36412
36488
36544
36574
36581
36590
36675
36702
36774
36826
36841
36892
36987
37012
37065
37073
37094
37138
37185
37213
37266
37331
37412
37439
37466
37484
37560
37600
37659
37725
37771
37794
37800
37850
37944
37986
38060
38158
38258
38346
38395
38409
38414
38481
38550
38607
38674
38728
38756
38779
38856
38904
38981
39067
39133
39228
39305
39306
39323
39386
39406
39484
39513
39527
39589
39672
39754
39780
39791
39878
39963
40048
40093
40098
40190
40269
40360
40432
40440
40442
40462
40505
40507
40568
40666
40687
40712
40771
40856
40935
40977
41068
41101
41183
41207
41247
41345
41408
41427
41494
41525
41625
41688
41721
41723
41753
41766
41836
41885
41935
41943
42012
42016
42111
42121
42157
42227
42245
42261
42270
42368
42458
42470
42513
42612
42676
42716
42794
42811
42879
42972
42982
43048
43113
43207
43264
43346
43445
43495
43512
43542
43568
43569
43607
43672
43762
43784
43869
43920
43937
43989
44010
44023
44068
44165
44240
44288
44318
44359
44374
44396
44403
44461
44561
44597
44688
44735
44777
44822
44851
44945
44950
45041
45082
45132
45170
45177
45180
45188
45209
45291
45331
45414
45508
45606
45624
45700
45746
45813
45854
45903
46003
46063
46085
46177
46225
46243
46301
46398
46494
46498
46575
46595
46663
46711
46773
46816
46875
46974
47018
47066
47088
47091
47115
47187
47284
47342
47354
47372
47443
47509
47595
47598
47622
47645
47658
47715
47786
47880
47978
48055
48114
48154
48247
48325
48374
48395
48445
48469
48518
48583
48586
48627
48665
48750
48837
48849
48939
49014
49039
49137
49142
49239
49274
49300
49334
49362
49392
49395
49474
49563
49654
49710
49781
49864
49934
50016
50039
50139
50234
50246
50330
50350
50387
50425
50486
