132
219
259
357
414
495
504
506
568
612
649
658
719
739
826
883
913
915
980
1027
1078
1151
1167
1190
1278
1366
1403
1485
1560
1595
1668
1710
1761
1775
1788
1810
1843
1941
1957
2025
2058
2078
2090
2136
2155
2224
2291
2320
2416
2435
2501
2541
2569
2588
2609
2659
2742
2764
2864
2923
2941
2961
3038
3043
3075
3175
3247
3298
3310
3353
3389
3411
3486
3503
3504
3561
3653
3741
3783
3878
3956
3964
4049
4066
4105
4115
4131
4174
4201
4206
4245
4276
4303
4375
4459
4553
4556
4558
4654
4748
4826
4861
4945
4997
5048
5129
5194
5291
5380
5441
5533
5539
5564
5653
5663
5670
5721
5773
5783
5873
5875
5947
5956
5965
6033
6051
6100
6122
6186
6207
6296
6302
6323
6373
6445
6534
6618
6695
6785
6830
6865
6895
6937
6975
7067
7154
7200
7263
7286
7298
7317
7355
7435
7484
7554
7652
7699
7745
7766
7816
7885
7954
8017
8048
8125
8180
8261
8291
8361
8436
8473
8571
8635
8690
8747
8818
8917
8940
8963
9006
9028
9046
9126
9164
9210
9264
9267
9362
9431
9528
9538
9602
9681
9712
9740
9798
9878
9885
9915
9917
9927
9930
10027
10040
10073
10113
10205
10222
10236
10291
10292
10334
10384
10463
10542
10599
10671
10715
10734
10786
10875
10909
10980
11020
11063
11159
11253
11335
11350
11382
11473
11484
11528
11543
11595
11644
11655
11704
11750
11845
11861
11889
11976
12071
12097
12113
12151
12248
12258
12355
12439
12526
12543
12594
12692
12697
12772
12822
12895
12912
12978
13004
13091
13119
13133
13215
13304
13374
13449
13504
13546
13555
13595
13622
13706
13735
13794
13858
13901
13910
13993
14073
14099
14186
14210
14214
14308
14379
14394
14413
14439
14534
14606
14620
14633
14639
14665
14679
14751
14754
14802
14875
14927
14943
14948
14950
14980
15002
15048
15065
15163
15188
15283
15344
15355
15453
15501
15541
15577
15609
15672
15749
15820
15869
15939
16034
16074
16082
16136
16218
16257
16350
16430
16516
16596
16651
16709
16800
16868
16870
16968
16977
17063
17070
17136
17145
17164
17249
17313
17334
17362
17442
17471
17504
17567
17590
17635
17672
17734
17740
17802
17859
17913
17973
18005
18071
18087
18149
18199
18234
18265
18344
18362
18454
18477
18536
18570
18663
18676
18756
18776
18809
18864
18948
19038
19096
19181
19224
19242
19326
19352
19372
19380
19390
19396
19493
19519
19532
19598
19646
19745
19777
19832
19834
19880
19901
19913
19953
19993
20003
20049
20142
20236
20304
20361
20398
20488
20539
20599
20641
20733
20768
20808
20885
20961
21057
21121
21167
21243
21316
21361
21430
21513
21548
21549
21621
21631
21715
21797
21824
21894
21949
21953
22031
22077
22110
22137
22182
22203
22236
22295
22319
22363
22410
22450
22456
22496
22576
22588
22646
22733
22809
22888
22892
22949
23039
23135
23160
23221
23271
23351
23400
23491
23554
23641
23709
23776
23806
23821
23824
23898
23924
23957
23967
23975
24055
24102
24140
24175
24199
24289
24348
24432
24457
24464
24530
24595
24669
24741
24802
24871
24897
24935
24995
25094
25104
25148
25209
25242
25291
25385
25456
25517
25602
25688
25786
25884
25906
25919
25942
25989
26037
26056
26117
26150
26208
26258
26280
26329
26386
26405
26460
26530
26628
26715
26734
26813
26831
26909
26938
26977
26980
26987
27046
27057
27116
27149
27161
27204
27240
27330
27419
27508
27580
27603
27661
27688
27696
27750
27753
27837
27877
27956
27958
28004
28021
28081
28162
28259
28304
28334
28340
28417
28507
28520
28601
28665
28683
28699
28760
28830
28894
28929
28955
29009
29039
29137
29203
29283
29306
29318
29364
29428
29504
29547
29553
29649
29748
29776
29833
29918
29924
29942
29962
29978
30034
30065
30126
30149
30248
30331
30418
30425
30479
30492
30506
30572
30635
30691
30696
30781
30814
30823
30836
30844
30900
30962
30976
31048
31126
31225
31287
31329
31337
31429
31467
31499
31558
31608
31626
31657
31734
31738
31836
31909
31970
32000
32020
32053
32082
32139
32229
32295
32390
32409
32416
32427
32436
32495
32563
32592
32683
32744
32780
32845
32888
32926
33026
33117
33162
33254
33351
33406
33430
33439
33498
33585
33610
33701
33765
33860
33908
34003
34026
34036
34060
34091
34157
34239
34277
34338
34368
34432
34527
34627
34647
34699
34745
34828
34909
34980
35036
35130
35143
35228
35274
35315
35317
35321
35351
35412
35502
35515
35521
35541
35568
35576
35577
35663
35748
35783
35855
35921
36021
36114
36188
36256
36343
36373
36442
36474
36497
36579
36615
36679
36777
36780
36872
36910
36949
37039
37073
37149
37204
37269
37350
37383
37416
37445
37485
37513
37579
37679
37682
37741
37833
37910
37964
38016
38049
38126
38210
38228
38307
38347
38353
38431
38474
38547
38632
38705
38774
38801
38834
38898
38922
38991
39025
39071
39169
39213
39229
39243
39312
39320
39367
39408
39501
39573
39595
39597
39598
39676
39724
39758
39849
39893
39909
39951
39997
40048
40075
40162
40202
40231
40240
40245
40342
40362
40432
40490
40557
40608
40695
40715
40776
40824
40916
41009
41089
41098
41120
41136
41164
41186
41253
41330
41337
41411
41511
41559
41585
41600
41613
41696
41729
41779
41790
41864
41930
42006
42056
42059
42080
42147
42207
42231
42330
42376
42456
42520
42571
42596
42691
42781
42854
42867
42924
42947
42971
43063
43130
43147
43202
43260
43307
43387
43458
43554
43635
43706
43727
43754
43815
43902
43996
44073
44102
44126
44222
44287
44296
44330
44416
44419
44486
44586
44615
44673
44738
44817
44834
44854
44885
44912
44945
44987
45042
45116
45192
45262
45312
45338
45414
45467
45474
45515
45545
45546
45624
45628
45648
45738
45797
45827
45846
45923
45971
46067
46157
46212
46283
46293
46359
46414
46487
46571
46648
46666
46741
46773
46846
46926
46937
46938
46949
46998
47094
47134
47174
47198
47208
47252
47259
47275
47324
47379
47401
47492
47512
47516
47544
47624
47686
47688
47754
47800
47857
47879
47883
47903
47973
47998
48000
48036
48077
48117
48179
48239
48242
48270
48337
48414
48426
48467
48501
48588
48632
48643
48675
48696
48708
48760
48782
48848
48921
48922
49010
49055
49113
49209
49259
49348
49383
49392
49452
49552
49610
49632
49699
