595
684
781
872
910
981
1039
1056
1070
1112
1147
1189
1250
1275
1347
1440
1516
1554
1580
1677
1692
1701
1724
1808
1896
1988
2048
2074
2089
2183
2227
2231
2304
2402
2412
2448
2465
2477
2486
2496
2557
2575
2605
2634
2691
2715
2794
2842
2869
2875
2964
3032
3067
3110
3112
3195
3237
3255
3274
3280
3294
3384
3484
3568
3650
3690
3756
3834
3932
3999
4071
4087
4175
4254
4302
4394
4405
4418
4461
4552
4619
4659
4683
4694
4765
4770
4784
4817
4889
4943
4949
4975
5044
5052
5066
5108
5133
5228
5268
5297
5353
5385
5392
5481
5482
5555
5564
5653
5702
5789
5825
5853
5871
5894
5960
5967
5986
6000
6034
6087
6109
6141
6148
6229
6267
6283
6289
6319
6406
6492
6583
6597
6632
6674
6712
6735
6740
6830
6908
6960
7039
7044
7135
7192
7240
7262
7354
7419
7510
7583
7617
7691
7710
7730
7784
7847
7931
7951
7972
8040
8089
8143
8220
8315
8320
8402
8406
8506
8600
8606
8639
8711
8740
8746
8816
8856
8879
8964
8969
9021
9077
9102
9129
9192
9273
9284
9325
9354
9375
9396
9426
9448
9477
9479
9569
9605
9620
9666
9764
9834
9842
9924
9995
10043
10104
10200
10234
10298
10317
10399
10410
10468
10477
10542
10587
10618
10691
10786
10815
10894
10907
10986
11083
11157
11180
11201
11267
11328
11372
11442
11484
11490
11583
11606
11667
11682
11741
11817
11904
11939
11951
12014
12084
12146
12181
12184
12249
12280
12328
12400
12441
12510
12537
12633
12639
12649
12668
12763
12833
12917
12940
13035
13049
13115
13143
13185
13253
13264
13316
13365
13416
13427
13429
13482
13491
13572
13619
13652
13653
13687
13749
13826
13835
13933
14003
14079
14093
14125
14133
14232
14305
14356
14392
14455
14503
14587
14666
14740
14792
14849
14895
14971
15021
15060
15152
15212
15215
15298
15345
15437
15446
15495
15595
15666
15746
15773
15817
15894
15895
15971
15975
16044
16073
16075
16100
16199
16279
16367
16467
16553
16566
16576
16616
16674
16720
16742
16790
16862
16928
17011
17102
17190
17246
17316
17328
17364
17375
17398
17420
17482
17553
17639
17660
17755
17830
17883
17893
17947
18038
18045
18081
18095
18113
18168
18206
18244
18273
18280
18301
18372
18409
18415
18473
18541
18595
18691
18759
18786
18800
18857
18919
18924
18983
19073
19113
19115
19213
19312
19359
19383
19401
19420
19465
19558
19646
19675
19699
19755
19798
19840
19849
19925
19955
20038
20118
20132
20175
20265
20343
20366
20399
20479
20508
20562
20567
20595
20654
20688
20766
20844
20854
20921
20963
21003
21091
21103
21171
21222
21313
21330
21350
21374
21413
21464
21513
21593
21688
21766
21854
21861
21913
21992
22086
22104
22140
22156
22222
22251
22312
22328
22356
22415
22509
22514
22568
22575
22641
22644
22705
22709
22804
22860
22954
23008
23037
23088
23165
23204
23235
23245
23310
23346
23348
23372
23396
23487
23491
23511
23544
23630
23728
23751
23820
23914
23984
23994
24018
24062
24138
24235
24335
24398
24416
24426
24482
24504
24505
24578
24646
24734
24810
24849
24879
24951
24964
24986
25032
25094
25132
25141
25210
25227
25247
25302
25321
25379
25468
25535
25539
25573
25574
25596
25662
25689
25777
25786
25817
25851
25933
25985
26030
26048
26144
26212
26278
26303
26367
26451
26481
26564
26609
26628
26687
26689
26716
26805
26825
26887
26938
26958
26993
27003
27074
27153
27216
27293
27378
27458
27546
27598
27660
27733
27802
27837
27840
27883
27916
27935
27991
28043
28136
28229
28276
28324
28329
28421
28452
28494
28579
28654
28661
28740
28785
28835
28898
28979
29006
29084
29161
29243
29278
29354
29446
29462
29518
29575
29635
29695
29725
29779
29780
29838
29898
29973
29976
30022
30075
30127
30138
30142
30240
30337
30410
30427
30522
30527
30600
30601
30669
30710
30737
30768
30800
30841
30908
30977
31064
31119
31154
31196
31240
31257
31334
31368
31444
31445
31495
31566
31594
31640
31665
31726
31786
31822
31865
31964
32055
32101
32105
32160
32165
32188
32257
32260
32359
32395
32475
32496
32530
32570
32636
32689
32735
32808
32882
32889
32978
33055
33155
33189
33275
33292
33315
33403
33427
33510
33537
33610
33664
33724
33784
33853
33926
33930
33937
34032
34068
34121
34172
34248
34255
34300
34357
34387
34407
34431
34491
34588
34603
34627
34657
34717
34802
34806
34857
34913
34914
34935
34937
35019
35034
35063
35162
35206
35227
35267
35276
35320
35364
35393
35430
35441
35501
35547
35619
35620
35638
35722
35787
35836
35908
35978
36044
36112
36131
36205
36295
36307
36311
36332
36391
36422
36506
36508
36601
36641
36732
36760
36849
36855
36890
36904
36967
37049
37145
37222
37255
37296
37390
37399
37420
37421
37471
37569
37648
37687
37689
37715
37739
37820
37877
37883
37913
37924
37949
38000
38074
38163
38231
38266
38276
38356
38388
38399
38400
38500
38513
38553
38652
38670
38733
38740
38834
38877
38964
38983
39026
39100
39200
39245
39277
39309
39382
39445
39486
39582
39673
39768
39861
39957
39965
39980
39983
40052
40110
40165
40226
40246
40316
40395
40444
40495
40523
40581
40629
40727
40758
40821
40827
40878
40921
40953
40992
41059
41110
41177
41242
41340
41388
41436
41510
41594
41613
41699
41768
41787
41881
41921
41924
41934
41955
42020
42109
42110
42164
42239
42269
42303
42355
42432
42507
42587
42675
42691
42719
42762
42791
42871
42915
42995
43067
43076
43117
43156
43170
43207
43222
43312
43332
43405
43459
43485
43544
43599
43682
43760
43819
43862
43878
43938
44029
44048
44079
44098
44149
44221
44296
44318
44328
44407
44439
44505
44580
44596
44627
44636
44673
44706
44771
44839
44930
44955
45037
45095
45145
45164
45240
45258
45269
45315
45365
45410
45433
45457
45531
45550
45564
45622
45691
45777
45785
45788
45799
45877
45902
45912
45917
45986
46052
46077
46103
46184
46220
46224
46246
46271
46296
46365
46438
46506
46547
46644
46654
46672
46730
46732
46785
46818
46849
46946
47021
47069
47118
47199
47268
47315
47353
47449
47455
47483
47559
47597
47627
47704
47762
47818
47872
47894
47911
48000
48078
48126
48225
48315
48407
48499
48504
48515
48516
48524
48559
48629
48696
48793
48797
48819
48822
48893
48912
48991
