838
929
949
1041
1056
1068
1089
1143
1173
1232
1327
1340
1393
1401
1426
1427
1465
1543
1610
1614
1670
1712
1771
1852
1932
1946
2029
2059
2132
2166
2258
2352
2361
2413
2445
2519
2595
2642
2677
2747
2772
2867
2935
2981
3021
3057
3106
3123
3198
3236
3313
3396
3419
3485
3536
3538
3575
3635
3700
3767
3796
3886
3929
3985
4077
4152
4182
4238
4324
4374
4387
4433
4529
4534
4545
4587
4648
4666
4684
4730
4755
4841
4926
4937
4996
5054
5084
5114
5175
5176
5193
5195
5220
5236
5256
5332
5378
5464
5553
5636
5694
5703
5709
5759
5810
5880
5899
5915
5921
5946
5972
6043
6083
6179
6269
6352
6418
6469
6508
6575
6581
6639
6701
6708
6752
6769
6834
6835
6850
6873
6897
6967
7061
7136
7218
7266
7350
7359
7449
7485
7514
7544
7629
7684
7765
7849
7865
7878
7931
8022
8105
8157
8190
8202
8250
8341
8432
8454
8542
8624
8680
8727
8733
8817
8841
8886
8984
9024
9029
9048
9121
9146
9187
9282
9351
9367
9421
9519
9528
9546
9566
9606
9681
9710
9744
9770
9816
9887
9896
9912
9992
10073
10104
10159
10250
10340
10428
10495
10539
10583
10675
10735
10819
10917
10989
11086
11151
11208
11288
11311
11329
11372
11432
11447
11472
11520
11592
11671
11750
11756
11812
11865
11907
11945
11947
12027
12046
12132
12178
12216
12270
12332
12412
12471
12520
12537
12582
12584
12659
12695
12741
12749
12838
12881
12901
12942
12995
13078
13089
13160
13220
13235
13263
13305
13361
13417
13506
13541
13571
13646
13693
13724
13802
13811
13841
13844
13858
13934
14034
14082
14141
14165
14218
14272
14358
14383
14465
14476
14528
14559
14579
14675
14757
14775
14867
14878
14939
14951
14982
15031
15095
15139
15160
15260
15279
15351
15431
15499
15500
15538
15582
15610
15654
15743
15811
15895
15971
16029
16045
16062
16082
16096
16134
16153
16210
16223
16230
16316
16407
16476
16513
16595
16681
16767
16811
16859
16863
16910
16923
16995
17028
17097
17098
17198
17266
17349
17377
17395
17413
17421
17433
17466
17484
17497
17542
17591
17676
17705
17736
17806
17894
17942
17991
18074
18118
18211
18221
18320
18337
18397
18424
18478
18503
18599
18630
18723
18741
18798
18840
18923
19020
19082
19120
19140
19176
19181
19264
19364
19463
19529
19567
19578
19587
19598
19611
19686
19713
19758
19802
19850
19917
19967
19994
20064
20091
20130
20149
20199
20207
20264
20284
20368
20414
20450
20510
20518
20559
20590
20610
20642
20682
20733
20754
20804
20897
20946
20973
21063
21136
21149
21197
21253
21289
21365
21449
21472
21503
21581
21600
21653
21721
21820
21890
21899
21984
22038
22063
22113
22138
22235
22313
22396
22464
22485
22550
22648
22680
22758
22783
22817
22874
22930
23015
23057
23117
23212
23269
23356
23370
23463
23555
23645
23709
23762
23847
23886
23908
23990
24033
24130
24177
24189
24251
24281
24352
24439
24490
24567
24622
24697
24715
24725
24745
24817
24899
24946
24951
25038
25133
25178
25225
25301
25393
25427
25442
25477
25562
25567
25662
25668
25687
25738
25802
25817
25828
25907
25988
26029
26044
26088
26150
26195
26210
26291
26375
26464
26540
26588
26595
26598
26693
26766
26801
26828
26914
26950
27034
27115
27194
27241
27300
27379
27444
27532
27572
27604
27667
27754
27795
27864
27956
27972
28072
28112
28140
28195
28295
28326
28388
28478
28497
28530
28610
28618
28715
28773
28839
28899
28918
28966
29022
29048
29057
29132
29195
29272
29337
29413
29506
29605
29685
29691
29693
29734
29797
29878
29935
29939
30031
30055
30086
30108
30172
30191
30207
30298
30344
30414
30429
30454
30460
30527
30614
30648
30738
30782
30817
30872
30948
30991
31036
31129
31164
31171
31268
31286
31346
31401
31468
31543
31642
31652
31671
31700
31762
31783
31814
31832
31913
31958
32002
32003
32059
32156
32177
32274
32365
32374
32384
32428
32455
32538
32546
32621
32695
32777
32806
32825
32892
32954
33047
33124
33220
33263
33326
33357
33381
33436
33462
33511
33539
33574
33576
33635
33726
33793
33842
33941
33944
33993
34062
34150
34212
34272
34357
34449
34533
34569
34651
34702
34773
34824
34894
34896
34900
34961
34981
35003
35079
35096
35099
35144
35195
35254
35353
35409
35452
35544
35598
35615
35710
35778
35833
35928
36012
36022
36072
36141
36187
36241
36263
36325
36372
36457
36517
36545
36626
36676
36705
36785
36814
36850
36936
36989
37053
37117
37135
37190
37228
37235
37283
37341
37388
37424
37472
37572
37610
37667
37717
37719
37742
37827
37886
37929
37946
38043
38120
38204
38243
38256
38266
38342
38428
38514
38596
38624
38708
38710
38765
38835
38866
38886
38946
39040
39117
39177
39264
39332
39385
39424
39440
39472
39501
39516
39604
39663
39763
39856
39900
39988
39998
40061
40117
40181
40254
40332
40344
40375
40417
40517
40534
40594
40674
40742
40793
40853
40951
40959
41044
41058
41108
41208
41293
41377
41409
41417
41429
41473
41526
41619
41656
41749
41751
41782
41849
41882
41921
41922
42004
42014
42045
42061
42112
42123
42218
42277
42348
42383
42390
42469
42528
42575
42584
42603
42644
42676
42767
42823
42844
42937
42978
43023
43028
43116
43205
43209
43225
43297
43304
43331
43382
43390
43425
43525
43573
43581
43625
43706
43733
43744
43818
43855
43893
43926
43972
44007
44104
44148
44211
44272
44348
44362
44448
44496
44500
44562
44654
44720
44737
44785
44820
44860
44935
44992
45005
45094
45175
45238
45295
45317
45404
45502
45572
45642
45645
45699
45764
45831
45925
45992
46022
46061
46137
46225
46322
46376
46392
46423
46483
46518
46592
46617
46679
46702
46726
46736
46805
46860
46923
46934
46983
47069
47155
47162
47206
47258
47335
47413
47506
47533
47615
47629
47700
47728
47792
47876
47941
47982
48016
48078
48172
48244
48256
48355
48389
48410
48480
48514
48564
48655
48709
48775
48873
48954
49041
49127
49143
49196
49266
49357
49413
49488
49527
49591
49597
49688
49720
49781
49802
49890
49905
49952
49959
49964
49989
50034
50132
50214
50271
50310
50326
50395
50428
50444
50466
50545
50579
50590
50622
50647
50648
50688
50737
50776
50867
50922
50990
51016
51042
51107
51124
51208
51279
51342
51427
51454
51482
51504
51522
51535
