929
1012
1084
1105
1138
1160
1191
1268
1353
1398
1400
1443
1488
1537
1597
1649
1679
1714
1806
1895
1954
2042
2102
2153
2223
2317
2376
2404
2436
2488
2518
2602
2680
2697
2736
2787
2803
2814
2898
2935
3004
3075
3156
3177
3267
3339
3356
3421
3443
3450
3454
3536
3574
3655
3731
3767
3857
3926
3957
4011
4076
4122
4139
4207
4285
4370
4386
4430
4484
4491
4528
4624
4683
4771
4827
4844
4904
4914
4932
4995
4997
5027
5097
5105
5181
5268
5292
5327
5369
5439
5465
5564
5573
5616
5703
5788
5854
5911
5930
5951
5991
6087
6168
6244
6338
6358
6395
6402
6467
6486
6532
6613
6688
6764
6830
6856
6882
6910
6924
7009
7093
7145
7226
7228
7327
7377
7457
7479
7496
7502
7529
7532
7612
7645
7651
7653
7700
7774
7814
7828
7845
7906
7992
8043
8068
8077
8112
8118
8177
8239
8243
8330
8355
8421
8486
8506
8507
8574
8647
8737
8804
8882
8973
9015
9066
9075
9085
9122
9141
9180
9191
9237
9301
9350
9404
9471
9537
9552
9650
9734
9739
9817
9830
9831
9924
9990
10083
10170
10196
10293
10357
10381
10414
10494
10512
10571
10591
10613
10700
10789
10831
10866
10897
10993
11038
11053
11121
11128
11188
11274
11341
11438
11533
11573
11637
11698
11713
11741
11766
11838
11882
11946
12015
12053
12146
12223
12323
12405
12423
12450
12518
12537
12546
12571
12671
12740
12759
12840
12863
12907
12940
13018
13035
13103
13145
13226
13279
13327
13427
13486
13524
13569
13595
13609
13692
13761
13775
13873
13914
13942
13946
13993
14068
14072
14144
14189
14287
14326
14344
14381
14421
14473
14536
14583
14665
14715
14801
14836
14844
14852
14898
14957
14965
14982
15063
15128
15217
15245
15331
15418
15460
15502
15565
15651
15688
15697
15701
15775
15820
15876
15926
16012
16098
16147
16243
16332
16334
16415
16504
16574
16605
16673
16765
16809
16817
16826
16879
16914
17004
17079
17116
17135
17150
17206
17293
17389
17413
17428
17513
17576
17614
17646
17737
17801
17894
17898
17975
18009
18090
18175
18268
18299
18365
18445
18514
18563
18601
18664
18697
18745
18813
18828
18834
18835
18899
18995
19001
19012
19057
19112
19115
19198
19204
19208
19276
19330
19417
19437
19500
19535
19582
19653
19737
19740
19752
19792
19857
19895
19923
19945
19977
20071
20166
20258
20278
20359
20382
20480
20544
20623
20707
20723
20769
20794
20871
20892
20948
21035
21128
21200
21203
21294
21327
21370
21455
21495
21498
21527
21541
21582
21662
21699
21781
21805
21828
21914
22007
22057
22093
22166
22225
22309
22352
22407
22410
22450
22454
22545
22639
22697
22711
22731
22828
22885
22903
22929
22987
23048
23121
23131
23134
23211
23295
23386
23416
23506
23592
23667
23754
23788
23802
23803
23835
23925
23984
24008
24057
24072
24130
24218
24282
24375
24426
24484
24546
24611
24640
24663
24690
24709
24803
24853
24930
24970
24977
25014
25028
25048
25055
25088
25175
25221
25293
25340
25418
25462
25485
25520
25577
25583
25597
25667
25761
25776
25822
25917
25969
25984
26070
26168
26191
26247
26300
26369
26430
26434
26526
26548
26588
26653
26719
26757
26833
26904
26906
26991
27056
27128
27156
27199
27278
27296
27359
27451
27504
27505
27510
27521
27533
27599
27635
27696
27763
27784
27867
27892
27981
28063
28143
28226
28261
28351
28363
28455
28494
28554
28607
28666
28718
28722
28761
28813
28843
28876
28936
29013
29014
29098
29119
29132
29148
29218
29298
29310
29341
29434
29511
29589
29655
29749
29834
29920
29994
30014
30080
30089
30180
30219
30280
30373
30389
30488
30569
30574
30629
30724
30735
30807
30838
30896
30970
31059
31104
31185
31268
31344
31430
31478
31572
31612
31662
31701
31710
31720
31743
31842
31902
31925
31977
31985
32001
32080
32098
32176
32261
32266
32360
32380
32402
32440
32450
32512
32611
32673
32752
32822
32921
32993
33083
33097
33160
33224
33242
33301
33397
33482
33493
33580
33638
33669
33705
33719
33782
33827
33882
33973
34020
34063
34160
34258
34352
34430
34446
34460
34518
34535
34607
34700
34747
34813
34857
34928
35020
35026
35082
35110
35178
35221
35258
35350
35405
35437
35503
35544
35558
35628
35696
35793
35856
35879
35947
35965
36028
36078
36120
36166
36230
36233
36331
36340
36438
36491
36517
36615
36647
36659
36727
36822
36911
36927
36929
37017
37115
37186
37269
37367
37392
37441
37527
37626
37703
37789
37794
37836
37881
37887
37941
38041
38131
38212
38300
38364
38410
38454
38457
38462
38553
38602
38613
38655
38685
38712
38756
38825
38833
38914
38948
38964
38983
39060
39077
39125
39199
39221
39295
39303
39375
39421
39484
39516
39526
39529
39615
39631
39667
39746
39768
39858
39864
39907
39952
39972
40001
40039
40139
40236
40241
40259
40357
40438
40454
40466
40528
40561
40605
40693
40697
40791
40807
40870
40938
40954
40980
41024
41095
41160
41212
41248
41342
41407
41444
41520
41540
41639
41699
41707
41762
41813
41901
41982
42024
42058
42130
42170
42224
42315
42412
42494
42534
42554
42636
42645
42740
42835
42850
42883
42911
42959
43059
43158
43159
43239
43275
43321
43373
43414
43466
43504
43542
43571
43619
43666
43707
43709
43769
43833
43856
43928
43959
44007
44073
44103
44130
44175
44228
44263
44357
44457
44474
44567
44618
44632
44684
44740
44825
44865
44905
44921
44942
44967
45023
45068
45121
45137
45207
45214
45257
45275
45345
45416
45504
45541
45571
45646
45684
45773
45843
45855
45892
45991
46036
46090
46170
46184
46225
46241
46262
46332
46411
46451
46527
46627
46707
46756
46812
46873
46918
46983
47040
47064
47157
47202
47211
47300
47395
47454
47478
47517
47520
47569
47578
47640
47731
47821
47900
47933
48025
48077
48111
48128
48226
48260
48348
48397
48446
48471
48554
48609
48709
48796
48852
48888
48978
49024
49028
49034
49042
49076
49101
49144
49218
49224
49283
49358
49362
49446
49528
49585
49603
49680
49779
49783
49820
49858
49862
49908
49977
50069
50124
50159
50196
50215
50285
50301
50391
50456
50506
50536
50618
50621
50632
50726
50777
50834
50912
50973
51009
51057
51094
51191
51286
51308
51380
51424
51511
51609
51631
51663
51691
51739
51806
51808
51814
51911
51999
52021
52073
52109
52166
52177
