87
155
192
230
284
285
370
376
475
501
537
552
554
565
599
689
743
755
796
799
856
939
943
1028
1094
1142
1202
1263
1264
1324
1368
1414
1439
1445
1474
1511
1583
1606
1632
1634
1696
1750
1766
1817
1866
1902
1921
1988
2008
2055
2125
2140
2173
2260
2262
2277
2294
2327
2407
2424
2433
2501
2598
2605
2679
2772
2838
2912
2928
2935
2957
3010
3092
3111
3188
3193
3211
3291
3354
3424
3436
3465
3546
3569
3664
3693
3736
3772
3867
3931
4011
4082
4181
4224
4276
4369
4412
4448
4510
4597
4640
4711
4737
4818
4833
4841
4936
5006
5073
5076
5135
5207
5250
5334
5379
5449
5460
5540
5617
5698
5752
5837
5858
5927
5998
6054
6124
6159
6231
6321
6382
6467
6540
6602
6618
6657
6747
6771
6838
6922
6924
7003
7093
7159
7250
7294
7311
7401
7447
7480
7505
7579
7592
7630
7712
7773
7793
7815
7909
7954
8013
8055
8102
8125
8190
8254
8328
8356
8370
8378
8471
8534
8621
8667
8754
8814
8891
8937
8995
9023
9109
9188
9203
9211
9213
9220
9300
9343
9364
9405
9499
9546
9578
9596
9654
9705
9708
9802
9834
9882
9928
9946
9964
10043
10109
10115
10181
10258
10328
10410
10483
10525
10544
10595
10656
10657
10724
10757
10839
10857
10956
11008
11013
11087
11135
11233
11295
11317
11413
11440
11481
11547
11570
11588
11606
11614
11650
11704
11798
11888
11988
12076
12158
12253
12268
12323
12422
12447
12507
12563
12574
12612
12628
12657
12664
12683
12729
12821
12853
12914
12948
12988
13068
13091
13191
13194
13232
13267
13352
13419
13519
13567
13610
13705
13744
13775
13842
13932
13933
13984
14027
14081
14118
14144
14154
14164
14190
14245
14313
14392
14471
14492
14587
14651
14743
14764
14806
14874
14912
14943
15022
15118
15122
15208
15265
15309
15355
15390
15428
15452
15486
15566
15642
15686
15774
15866
15870
15955
15986
16077
16110
16188
16205
16283
16378
16443
16449
16467
16528
16604
16699
16765
16776
16781
16817
16890
16904
16933
17027
17040
17130
17219
17258
17270
17359
17453
17548
17570
17607
17699
17725
17761
17856
17900
17933
17938
17949
17999
18002
18020
18098
18140
18174
18259
18269
18270
18286
18362
18441
18472
18507
18555
18613
18675
18768
18789
18870
18937
18992
19066
19151
19226
19316
19325
19343
19415
19506
19600
19633
19691
19785
19787
19841
19913
19938
20013
20047
20093
20162
20254
20320
20411
20431
20446
20473
20557
20632
20663
20713
20798
20846
20874
20945
20953
20962
20997
21036
21040
21047
21082
21140
21204
21221
21245
21303
21334
21379
21437
21502
21518
21557
21597
21625
21663
21739
21767
21799
21884
21918
21987
22011
22051
22101
22173
22217
22244
22281
22358
22399
22435
22483
22503
22563
22624
22659
22682
22726
22785
22884
22972
23071
23115
23188
23214
23242
23333
23413
23432
23466
23529
23623
23683
23756
23788
23838
23864
23918
24016
24073
24081
24089
24172
24197
24255
24290
24345
24436
24496
24553
24569
24628
24650
24660
24730
24752
24850
24858
24867
24924
24932
25013
25093
25163
25205
25221
25298
25321
25391
25483
25523
25593
25608
25633
25717
25740
25834
25924
25937
25960
25971
25984
26058
26138
26159
26251
26337
26405
26498
26563
26577
26602
26639
26677
26767
26860
26907
26999
27039
27122
27176
27246
27255
27340
27437
27443
27481
27572
27626
27642
27703
27779
27782
27786
27884
27949
27958
27971
27997
28037
28081
28146
28211
28305
28370
28414
28490
28560
28586
28619
28711
28795
28866
28910
28913
28992
29048
29081
29149
29213
29247
29337
29407
29424
29515
29598
29652
29733
29829
29902
29974
30068
30118
30175
30269
30367
30464
30465
30471
30566
30650
30733
30762
30813
30889
30986
31009
31073
31082
31119
31131
31158
31166
31175
31231
31233
31237
31285
31287
31348
31422
31497
31575
31645
31710
31792
31859
31867
31879
31911
31974
31987
32037
32059
32142
32151
32186
32227
32276
32347
32420
32515
32577
32655
32728
32770
32777
32783
32848
32886
32966
33065
33158
33221
33235
33243
33253
33327
33335
33426
33430
33460
33528
33595
33672
33711
33755
33783
33791
33831
33876
33883
33946
34008
34030
34058
34154
34218
34265
34319
34349
34395
34474
34504
34534
34612
34666
34698
34727
34823
34918
34955
34997
35079
35108
35115
35180
35195
35254
35320
35381
35388
35442
35532
35628
35649
35657
35686
35747
35823
35921
35979
36056
36089
36125
36180
36218
36248
36275
36316
36354
36417
36432
36482
36579
36588
36592
36653
36664
36730
36785
36806
36809
36893
36947
37036
37105
37197
37206
37274
37306
37364
37453
37455
37463
37477
37558
37582
37669
37752
37842
37845
37933
38001
38021
38049
38099
38130
38165
38172
38253
38268
38319
38353
38371
38454
38458
38535
38624
38625
38637
38674
38742
38769
38840
38898
38907
38911
38981
39027
39107
39206
39306
39377
39386
39402
39455
39496
39515
39553
39563
39565
39641
39656
39737
39764
39852
39873
39897
39953
40004
40041
40108
40116
40168
40196
40277
40337
40339
40360
40394
40457
40538
40575
40648
40713
40760
40844
40883
40890
40949
41039
41106
41145
41153
41189
41214
41229
41238
41317
41334
41346
41427
41488
41497
41517
41587
41652
41744
41764
41826
41914
42014
42066
42159
42169
42192
42223
42274
42305
42308
42346
42365
42406
42504
42539
42612
42671
42735
42778
42837
42909
42928
42969
42999
43085
43142
43232
43318
43335
43415
43452
43476
43482
43537
43604
43682
43746
43817
43878
43935
44034
44090
44158
44250
44326
44379
44459
44495
44565
44580
44643
44668
44694
44771
44790
44798
44824
44832
44839
44898
44957
45045
45135
45174
45198
45239
45272
45303
45316
45361
45458
45509
45592
45673
45766
45799
45856
45929
46011
46108
46143
46214
46265
46320
46374
46388
46412
46490
46506
46528
46539
46605
46615
46688
46749
46833
46885
46985
47029
47090
47122
47177
47235
47293
47311
47367
47426
47467
47556
47561
47626
47683
47759
47787
47862
47956
48022
48122
48222
48267
48334
48410
48484
48540
48624
48696
48775
48815
48873
48896
48911
48918
49001
49083
49115
49165
49226
49227
49239
49282
49321
49323
49421
49483
49500
49587
49627
49666
49716
49772
49811
49852
49891
49956
49968
50025
50102
50175
50211
50279
