936
992
1087
1119
1135
1215
1249
1264
1300
1347
1367
1380
1404
1479
1485
1555
1625
1635
1677
1704
1726
1790
1833
1880
1963
1964
2019
2021
2048
2055
2077
2137
2147
2192
2262
2330
2343
2403
2455
2459
2498
2559
2602
2646
2731
2798
2872
2917
2947
2987
3015
3029
3038
3092
3116
3133
3233
3321
3412
3468
3487
3562
3612
3657
3680
3682
3706
3789
3859
3872
3881
3893
3983
4009
4036
4115
4152
4185
4199
4299
4364
4457
4493
4516
4612
4671
4723
4743
4816
4895
4914
4947
4982
5012
5023
5026
5071
5121
5133
5230
5260
5275
5302
5364
5372
5395
5399
5411
5451
5534
5587
5641
5720
5771
5772
5860
5870
5960
5991
6054
6144
6201
6291
6316
6365
6405
6460
6541
6603
6608
6679
6758
6801
6876
6908
6924
6993
7034
7120
7214
7229
7246
7308
7315
7393
7441
7534
7573
7597
7649
7720
7770
7850
7883
7899
7915
7923
7937
7960
8049
8108
8204
8208
8212
8230
8278
8281
8378
8463
8511
8574
8665
8741
8818
8892
8963
9019
9064
9100
9157
9222
9238
9263
9270
9303
9340
9387
9458
9519
9570
9590
9654
9739
9765
9849
9850
9869
9898
9953
10048
10138
10217
10257
10281
10334
10384
10435
10455
10501
10528
10538
10551
10610
10693
10752
10809
10868
10884
10931
10956
10992
11045
11137
11190
11194
11283
11336
11435
11461
11495
11585
11635
11672
11707
11735
11760
11850
11879
11968
11984
11998
12022
12081
12127
12130
12183
12188
12199
12231
12328
12393
12402
12437
12519
12605
12696
12712
12744
12769
12785
12809
12902
12921
13005
13037
13102
13112
13177
13219
13257
13336
13406
13479
13500
13506
13598
13695
13719
13798
13841
13876
13895
13918
14005
14062
14147
14158
14257
14341
14414
14472
14517
14536
14575
14642
14666
14680
14718
14780
14828
14871
14923
14990
15044
15045
15075
15112
15169
15183
15253
15265
15323
15331
15371
15454
15488
15518
15582
15588
15646
15694
15754
15835
15918
16005
16021
16069
16125
16180
16263
16339
16372
16440
16522
16621
16643
16735
16814
16825
16850
16872
16909
16956
17044
17110
17187
17284
17285
17322
17400
17450
17546
17585
17630
17651
17684
17714
17730
17781
17833
17929
17999
18073
18094
18183
18278
18300
18356
18381
18444
18492
18501
18578
18580
18634
18667
18749
18784
18855
18949
19039
19086
19124
19194
19199
19265
19327
19417
19468
19532
19604
19704
19707
19733
19777
19839
19856
19930
19986
20017
20048
20105
20111
20188
20241
20334
20384
20449
20501
20546
20605
20609
20678
20751
20809
20892
20932
21029
21045
21135
21137
21203
21300
21399
21436
21443
21504
21536
21612
21692
21735
21827
21851
21941
21999
22019
22081
22126
22141
22158
22189
22282
22364
22448
22468
22534
22593
22638
22725
22778
22783
22833
22836
22881
22915
23006
23019
23079
23179
23272
23323
23397
23490
23564
23609
23677
23692
23746
23838
23859
23888
23901
23965
24005
24062
24097
24154
24185
24205
24262
24272
24320
24326
24390
24468
24554
24605
24669
24733
24754
24828
24830
24922
24966
25017
25078
25177
25262
25267
25343
25424
25438
25463
25485
25555
25573
25577
25660
25751
25829
25907
25921
25961
26008
26025
26055
26142
26200
26227
26234
26254
26292
26334
26360
26371
26391
26400
26401
26428
26486
26526
26545
26596
26649
26695
26729
26746
26808
26874
26935
26962
27050
27064
27104
27184
27260
27284
27321
27369
27408
27447
27539
27637
27667
27734
27775
27855
27856
27924
28010
28083
28126
28193
28221
28311
28366
28425
28478
28561
28642
28674
28722
28777
28778
28840
28931
29028
29099
29175
29233
29296
29352
29353
29405
29489
29569
29667
29725
29739
29795
29850
29854
29933
29994
30053
30129
30150
30248
30342
30380
30475
30557
30657
30672
30696
30787
30814
30903
30923
30943
31012
31103
31185
31264
31330
31337
31415
31509
31554
31636
31708
31709
31791
31891
31913
31968
32027
32112
32125
32177
32263
32322
32348
32412
32451
32521
32613
32660
32721
32783
32837
32871
32906
32990
33043
33062
33134
33164
33204
33217
33307
33351
33377
33392
33444
33465
33467
33483
33518
33583
33626
33701
33722
33805
33892
33919
33931
33941
34019
34030
34035
34118
34137
34145
34187
34282
34302
34379
34467
34487
34578
34612
34614
34649
34744
34762
34834
34894
34899
34971
35046
35063
35118
35215
35273
35366
35376
35470
35544
35631
35715
35789
35844
35868
35871
35968
36034
36081
36165
36213
36271
36288
36380
36422
36434
36441
36456
36538
36614
36638
36717
36758
36784
36868
36951
36982
37033
37061
37071
37142
37163
37249
37262
37309
37325
37371
37427
37453
37485
37511
37514
37528
37610
37663
37695
37712
37749
37820
37881
37948
37992
38024
38076
38089
38096
38171
38259
38262
38320
38368
38464
38559
38620
38701
38768
38840
38858
38876
38940
38949
38982
38988
39014
39024
39094
39161
39228
39248
39341
39351
39410
39444
39537
39633
39635
39637
39658
39739
39822
39902
39971
39973
39989
40039
40106
40121
40132
40141
40154
40166
40264
40266
40325
40377
40403
40445
40542
40633
40715
40809
40908
40928
40956
41010
41054
41098
41158
41246
41345
41407
41424
41499
41593
41662
41714
41754
41825
41918
42001
42032
42037
42105
42133
42192
42265
42300
42387
42466
42504
42569
42590
42609
42631
42642
42707
42720
42818
42908
42994
43090
43172
43229
43244
43296
43312
43408
43444
43465
43559
43653
43669
43728
43806
43855
43942
44014
44023
44095
44128
44159
44177
44213
44235
44315
44371
44413
44476
44544
44563
44654
44658
44688
44741
44785
44843
44934
44980
45047
45096
45144
45168
45248
45268
45317
45327
45337
45340
45395
45454
45546
45579
45665
45705
45734
45740
45786
45825
45925
45950
45995
46050
46101
46114
46186
46208
46275
46353
46433
46516
46540
46548
46617
46633
46644
46686
46699
46799
46833
46902
46963
46981
47021
47072
47133
47178
47221
47295
47330
47397
47491
47549
47579
47583
47667
47733
47776
47781
47815
47848
47948
48010
48091
48130
48191
48194
48199
48269
48369
48377
48469
48527
48616
48638
48734
48750
48773
48854
48867
48914
48971
49001
49034
49062
49121
49123
49126
49173
49185
49280
49368
49430
49521
49612
49692
49748
49765
49795
49879
49958
49988
50037
50062
50123
50158
50199
50259
50344
50399
50454
50455
