233
277
299
306
360
453
523
609
629
685
741
812
868
940
1039
1077
1140
1226
1310
1401
1447
1495
1519
1524
1587
1638
1649
1660
1666
1726
1733
1818
1883
1967
2010
2079
2151
2214
2308
2317
2322
2389
2482
2569
2639
2647
2649
2652
2736
2792
2812
2825
2841
2855
2947
2962
2986
3024
3105
3199
3217
3239
3263
3299
3324
3373
3376
3404
3408
3484
3579
3656
3704
3798
3807
3905
3942
3952
4032
4084
4137
4164
4183
4212
4268
4323
4396
4471
4479
4536
4623
4625
4725
4759
4833
4856
4883
4892
4902
4991
5003
5014
5094
5154
5232
5269
5308
5372
5418
5508
5568
5647
5723
5798
5865
5914
5950
6032
6087
6185
6263
6323
6381
6447
6453
6504
6514
6597
6645
6668
6724
6778
6867
6882
6951
6964
6994
7054
7100
7188
7273
7337
7378
7432
7462
7469
7535
7599
7609
7667
7736
7819
7849
7944
7964
7993
8086
8161
8209
8214
8263
8269
8320
8378
8449
8508
8555
8604
8699
8764
8792
8847
8928
8953
9033
9064
9140
9177
9189
9220
9280
9295
9378
9457
9513
9534
9557
9570
9638
9685
9769
9832
9903
9937
10015
10059
10115
10160
10214
10245
10338
10365
10441
10518
10586
10649
10734
10825
10875
10952
10970
11001
11088
11185
11212
11230
11289
11359
11446
11489
11549
11574
11655
11693
11771
11807
11854
11946
12004
12065
12077
12155
12223
12312
12338
12377
12447
12477
12546
12575
12613
12703
12745
12845
12860
12890
12896
12915
13013
13029
13046
13104
13114
13127
13211
13240
13333
13349
13379
13411
13469
13513
13557
13632
13702
13724
13747
13820
13901
13926
13982
14021
14066
14107
14206
14280
14354
14362
14448
14525
14531
14569
14655
14720
14772
14776
14800
14881
14886
14985
15071
15108
15204
15304
15323
15392
15485
15515
15564
15639
15724
15792
15799
15877
15963
15979
15990
15999
16057
16092
16169
16245
16335
16352
16416
16479
16506
16597
16633
16727
16751
16755
16758
16774
16805
16879
16903
16969
17017
17087
17103
17149
17224
17238
17249
17318
17372
17462
17497
17526
17613
17625
17702
17769
17822
17884
17936
17967
18049
18091
18098
18128
18145
18224
18273
18341
18349
18389
18469
18518
18551
18643
18714
18789
18844
18898
18953
18955
19028
19069
19071
19082
19168
19198
19269
19277
19356
19409
19416
19439
19509
19552
19646
19742
19760
19783
19877
19944
19946
20029
20067
20089
20108
20121
20198
20284
20324
20387
20429
20509
20556
20649
20724
20778
20781
20852
20854
20856
20902
20916
21000
21010
21085
21093
21128
21213
21265
21320
21415
21440
21442
21528
21543
21562
21568
21575
21629
21691
21734
21833
21898
21966
22002
22068
22105
22133
22212
22217
22275
22298
22359
22450
22507
22519
22527
22569
22585
22635
22722
22757
22815
22826
22862
22880
22937
22983
23060
23076
23155
23202
23258
23263
23276
23357
23453
23532
23544
23633
23688
23740
23804
23855
23887
23952
24031
24124
24209
24282
24314
24409
24425
24448
24539
24601
24654
24723
24759
24789
24875
24941
24971
25029
25061
25096
25168
25192
25240
25247
25318
25360
25435
25459
25484
25527
25574
25649
25656
25701
25714
25727
25745
25794
25814
25887
25913
25970
26051
26095
26142
26169
26178
26217
26247
26312
26316
26366
26421
26504
26603
26685
26752
26832
26911
26945
26966
27026
27080
27112
27141
27238
27319
27413
27488
27501
27561
27576
27664
27718
27813
27883
27934
27962
28061
28159
28250
28293
28323
28406
28414
28415
28493
28508
28585
28642
28689
28729
28769
28858
28903
28973
29066
29111
29187
29281
29346
29371
29448
29500
29567
29583
29652
29710
29750
29798
29884
29969
30041
30063
30087
30145
30207
30261
30281
30302
30304
30334
30409
30484
30502
30596
30665
30701
30781
30858
30862
30885
30888
30930
30975
30985
31064
31069
31077
31118
31138
31232
31247
31305
31362
31370
31442
31525
31546
31578
31625
31686
31751
31841
31900
31977
32018
32073
32118
32147
32235
32246
32258
32265
32360
32455
32458
32464
32551
32571
32580
32627
32716
32790
32833
32835
32909
32997
33028
33074
33088
33095
33127
33217
33317
33416
33504
33596
33642
33738
33785
33806
33901
33934
34020
34053
34081
34170
34260
34288
34329
34386
34431
34441
34468
34516
34534
34592
34669
34719
34756
34837
34865
34940
34961
34970
35041
35048
35069
35101
35103
35130
35202
35292
35346
35348
35432
35530
35537
35625
35683
35768
35832
35883
35899
35919
35951
36028
36097
36137
36164
36204
36218
36245
36273
36361
36371
36432
36480
36492
36528
36589
36601
36679
36764
36831
36929
37003
37004
37035
37126
37217
37238
37338
37435
37494
37546
37597
37614
37688
37691
37733
37748
37818
37845
37878
37918
38011
38100
38121
38132
38174
38237
38266
38319
38366
38428
38451
38538
38558
38624
38651
38696
38779
38812
38881
38944
38994
39063
39118
39121
39199
39247
39292
39298
39322
39414
39466
39563
39580
39662
39702
39725
39825
39841
39941
40025
40102
40106
40126
40196
40246
40287
40349
40377
40424
40484
40545
40591
40679
40768
40808
40816
40915
40925
40999
41082
41108
41204
41219
41296
41322
41364
41459
41510
41597
41692
41759
41815
41846
41902
41967
42033
42084
42165
42209
42303
42379
42386
42417
42475
42554
42640
42696
42760
42773
42783
42801
42878
42966
43024
43105
43194
43234
43284
43349
43362
43389
43445
43542
43585
43594
43663
43712
43754
43836
43851
43895
43984
43998
44006
44051
44095
44173
44212
44297
44303
44336
44373
44409
44478
44574
44671
44744
44833
44877
44970
45059
45125
45188
45250
45251
45292
45356
45435
45436
45507
45600
45682
45733
45805
45867
45929
45959
45967
46025
46033
46096
46188
46240
46247
46328
46393
46395
46483
46531
46545
46604
46656
46745
46776
46847
46877
46929
46950
46965
47006
47092
47187
47218
47242
47260
47316
47368
47373
47425
47517
47595
47648
47734
47801
47815
47876
47914
47942
48015
48089
48128
48194
48234
48264
48360
48425
48464
48512
48541
48610
48655
48695
48727
48761
48838
48928
48970
48988
49070
49084
49142
49169
49243
49330
49343
49381
49406
49444
49448
49473
49558
49650
49699
49722
49774
49806
49886
49938
50003
50094
50102
50148
50173
50203
50244
50271
50288
50386
50468
50504
50507
50580
50590
50647
50652
50700
50731
50750
50790
