827
835
892
926
944
952
978
1068
1073
1146
1223
1271
1358
1391
1437
1447
1495
1534
1615
1698
1747
1786
1810
1842
1941
1972
2002
2091
2161
2242
2269
2352
2448
2453
2455
2493
2578
2648
2728
2796
2825
2892
2930
2975
3056
3100
3178
3216
3246
3289
3344
3397
3415
3513
3605
3641
3694
3769
3853
3861
3917
3979
4001
4045
4137
4196
4236
4258
4315
4350
4400
4438
4475
4555
4616
4633
4717
4764
4805
4837
4899
4949
5035
5102
5116
5142
5185
5219
5293
5304
5370
5453
5540
5610
5685
5768
5850
5878
5936
5957
5987
6023
6067
6142
6171
6222
6253
6288
6312
6327
6387
6388
6395
6401
6406
6428
6444
6476
6538
6619
6672
6688
6728
6759
6817
6911
6950
6976
6998
7079
7139
7143
7198
7236
7288
7376
7404
7415
7424
7492
7577
7677
7762
7810
7818
7830
7838
7857
7862
7905
7975
8026
8035
8105
8154
8238
8299
8355
8443
8453
8546
8604
8627
8720
8790
8821
8874
8939
9009
9074
9128
9220
9228
9279
9359
9403
9461
9554
9643
9695
9748
9761
9808
9814
9835
9875
9957
10041
10079
10165
10208
10299
10309
10396
10459
10469
10471
10554
10621
10687
10752
10765
10799
10846
10864
10915
10988
11014
11019
11081
11166
11243
11277
11289
11351
11356
11379
11382
11392
11487
11531
11548
11608
11610
11629
11715
11716
11770
11822
11841
11858
11883
11929
11961
12037
12079
12089
12125
12136
12154
12249
12300
12303
12318
12325
12371
12384
12399
12471
12550
12635
12692
12721
12780
12804
12836
12917
13001
13037
13041
13089
13128
13171
13202
13228
13257
13271
13278
13363
13411
13510
13545
13604
13640
13670
13768
13853
13922
13965
14027
14116
14209
14253
14273
14284
14381
14418
14441
14460
14479
14510
14587
14591
14688
14700
14793
14806
14886
14923
14949
15022
15088
15112
15203
15268
15355
15378
15422
15510
15535
15579
15600
15634
15716
15794
15830
15875
15886
15981
16040
16091
16116
16209
16265
16358
16374
16413
16442
16482
16542
16561
16580
16629
16671
16723
16749
16819
16906
16912
16971
17049
17078
17107
17185
17211
17236
17274
17317
17392
17464
17505
17568
17651
17693
17715
17776
17796
17868
17956
18019
18071
18085
18174
18265
18314
18404
18459
18555
18625
18709
18718
18792
18827
18860
18923
18978
19045
19114
19164
19186
19255
19304
19345
19404
19412
19429
19447
19457
19464
19530
19584
19619
19699
19722
19766
19821
19845
19919
20000
20074
20159
20259
20348
20380
20394
20434
20467
20481
20537
20609
20707
20781
20874
20915
20975
20994
21029
21037
21100
21156
21229
21320
21377
21391
21439
21496
21592
21626
21677
21747
21811
21843
21880
21916
21937
22037
22069
22129
22147
22219
22259
22289
22320
22334
22380
22389
22478
22494
22504
22565
22631
22689
22700
22739
22760
22788
22851
22871
22904
22913
22982
23032
23077
23112
23202
23263
23352
23408
23440
23486
23489
23557
23648
23689
23780
23854
23937
23992
24042
24094
24102
24176
24272
24323
24417
24456
24520
24529
24612
24673
24749
24809
24849
24858
24921
24996
25048
25071
25102
25194
25272
25363
25423
25470
25535
25568
25661
25729
25735
25800
25821
25853
25944
26017
26053
26062
26137
26224
26228
26314
26316
26382
26407
26497
26566
26578
26656
26725
26812
26832
26845
26886
26897
26946
27018
27093
27173
27250
27350
27442
27511
27579
27677
27710
27787
27884
27981
27990
28040
28124
28142
28238
28259
28354
28438
28535
28607
28707
28753
28819
28897
28980
29010
29036
29119
29167
29243
29244
29264
29327
29349
29372
29415
29474
29546
29623
29708
29714
29777
29876
29908
29915
29962
30062
30107
30119
30196
30238
30285
30305
30326
30404
30438
30471
30498
30530
30625
30626
30685
30766
30819
30842
30936
30980
31074
31116
31178
31195
31277
31354
31422
31469
31504
31547
31589
31601
31615
31643
31704
31782
31876
31903
31983
32023
32106
32194
32195
32283
32379
32433
32514
32586
32592
32636
32718
32800
32890
32970
33001
33040
33066
33118
33121
33221
33296
33370
33423
33521
33545
33551
33554
33578
33663
33734
33816
33916
33995
34003
34062
34137
34208
34296
34394
34439
34519
34572
34603
34633
34693
34756
34796
34797
34827
34834
34904
34941
34967
35026
35046
35075
35117
35192
35204
35212
35250
35258
35278
35337
35393
35434
35511
35587
35597
35675
35758
35813
35868
35901
35992
36057
36073
36113
36194
36222
36292
36296
36357
36365
36379
36395
36405
36466
36522
36537
36618
36634
36635
36679
36739
36778
36813
36817
36899
36990
37023
37091
37172
37242
37319
37324
37364
37459
37519
37555
37623
37624
37714
37775
37790
37834
37928
37942
37950
38047
38054
38107
38160
38211
38287
38311
38343
38387
38408
38444
38486
38563
38655
38693
38736
38802
38891
38893
38896
38980
38995
39022
39025
39102
39183
39192
39213
39230
39293
39383
39398
39410
39492
39572
39596
39651
39687
39726
39807
39892
39917
40001
40039
40057
40090
40121
40126
40209
40292
40373
40450
40479
40504
40508
40559
40591
40653
40746
40821
40862
40884
40918
40995
41093
41187
41206
41214
41247
41268
41365
41401
41492
41529
41616
41673
41768
41830
41839
41889
41905
41939
42022
42092
42154
42208
42239
42253
42339
42397
42405
42477
42551
42637
42722
42735
42786
42855
42897
42919
42965
43010
43042
43083
43094
43159
43219
43306
43391
43480
43535
43590
43683
43686
43714
43802
43825
43907
43935
44010
44053
44103
44125
44129
44152
44171
44196
44239
44282
44326
44342
44393
44490
44580
44628
44649
44707
44734
44832
44917
44989
45036
45087
45183
45261
45342
45359
45434
45533
45615
45713
45756
45765
45849
45854
45883
45943
45969
45994
46015
46102
46116
46132
46175
46268
46274
46361
46460
46511
46545
46614
46714
46745
46781
46806
46864
46955
47037
47055
47140
47168
47213
47229
47259
47285
47291
47387
47430
47449
47459
47481
47540
47580
47655
47705
47775
47794
47847
47874
47945
47989
48080
48098
48102
48161
48257
48330
48385
48412
48487
48570
48649
48702
48745
48775
48829
48874
48962
48990
49068
49117
49161
49187
49218
49267
49298
49367
49452
49549
49571
49610
49611
49646
49744
49799
49862
49873
49917
49990
50083
50167
50242
50296
50299
50307
50324
50383
50429
50448
50471
50523
50546
50590
50602
50621
50715
50723
