1044
1121
1129
1172
1265
1311
1351
1406
1417
1421
1485
1583
1667
1735
1762
1859
1948
1976
1997
2060
2137
2167
2262
2287
2378
2460
2521
2525
2558
2616
2669
2728
2757
2857
2949
3032
3101
3117
3136
3154
3162
3209
3271
3351
3422
3487
3587
3620
3643
3688
3698
3741
3765
3793
3805
3881
3906
3965
4027
4118
4193
4222
4283
4326
4411
4493
4547
4603
4677
4749
4811
4855
4861
4929
4935
4936
5016
5055
5092
5136
5218
5303
5339
5373
5420
5498
5543
5568
5664
5678
5703
5758
5773
5796
5808
5904
5925
5952
5981
6064
6108
6171
6246
6298
6308
6325
6422
6476
6552
6589
6630
6681
6723
6794
6852
6943
6956
7053
7063
7107
7172
7242
7270
7313
7366
7394
7412
7510
7563
7575
7608
7622
7705
7752
7825
7906
7921
8008
8108
8182
8203
8284
8377
8470
8549
8627
8694
8729
8794
8875
8960
9019
9071
9171
9270
9340
9384
9463
9464
9471
9536
9582
9610
9627
9724
9797
9859
9930
9951
10009
10022
10048
10052
10129
10156
10175
10191
10206
10261
10307
10310
10370
10371
10462
10474
10504
10587
10686
10762
10809
10885
10972
11013
11100
11143
11163
11239
11333
11380
11402
11454
11466
11511
11545
11561
11643
11680
11696
11755
11756
11810
11861
11899
11982
11990
12068
12098
12153
12226
12321
12333
12402
12464
12513
12550
12562
12617
12656
12665
12698
12743
12825
12922
12991
12999
13071
13116
13190
13197
13222
13235
13252
13342
13420
13428
13500
13513
13566
13647
13728
13770
13783
13875
13890
13932
13967
14066
14164
14195
14286
14349
14447
14514
14537
14566
14636
14683
14750
14830
14871
14935
15020
15088
15176
15262
15360
15411
15429
15469
15543
15584
15671
15689
15773
15873
15923
15935
15945
15950
15988
16018
16055
16131
16181
16191
16230
16291
16311
16389
16415
16440
16496
16547
16599
16600
16662
16753
16757
16835
16893
16971
17029
17045
17046
17081
17179
17220
17311
17366
17427
17467
17485
17504
17572
17592
17633
17648
17730
17758
17777
17821
17898
17996
18082
18102
18128
18212
18247
18277
18331
18412
18504
18548
18601
18624
18633
18641
18728
18733
18766
18838
18920
18981
19032
19078
19176
19201
19252
19273
19281
19294
19352
19428
19523
19552
19585
19627
19676
19710
19802
19808
19844
19878
19922
19988
20059
20113
20128
20189
20270
20339
20398
20459
20467
20496
20561
20589
20639
20702
20759
20774
20866
20933
20942
20991
21022
21063
21149
21225
21292
21294
21379
21454
21532
21534
21535
21558
21592
21665
21671
21708
21770
21859
21866
21950
22004
22042
22096
22103
22120
22133
22137
22153
22186
22226
22242
22330
22398
22421
22447
22518
22522
22543
22635
22700
22744
22841
22870
22908
22958
23047
23088
23175
23265
23315
23412
23459
23483
23578
23646
23678
23740
23839
23874
23878
23918
23952
24014
24059
24144
24208
24236
24240
24245
24324
24382
24470
24516
24559
24614
24653
24697
24724
24816
24866
24927
25001
25077
25152
25170
25218
25315
25339
25350
25431
25476
25493
25544
25600
25637
25667
25707
25725
25736
25739
25787
25797
25827
25828
25830
25844
25855
25868
25921
25978
26017
26080
26130
26229
26290
26323
26351
26420
26499
26516
26540
26588
26664
26739
26802
26885
26936
27032
27107
27173
27196
27198
27205
27257
27285
27383
27477
27521
27571
27612
27671
27685
27774
27791
27837
27915
27928
27986
27999
28054
28123
28170
28245
28256
28283
28325
28331
28369
28433
28472
28515
28541
28568
28621
28672
28738
28794
28845
28890
28977
29035
29120
29204
29281
29376
29384
29459
29529
29547
29614
29647
29683
29709
29753
29756
29823
29854
29954
30038
30100
30187
30257
30297
30392
30412
30475
30546
30625
30674
30735
30766
30784
30841
30910
30996
31050
31062
31131
31132
31153
31216
31253
31301
31318
31374
31465
31472
31492
31504
31603
31678
31709
31742
31762
31772
31801
31878
31950
31992
32015
32076
32161
32237
32312
32351
32390
32402
32429
32467
32471
32562
32633
32721
32788
32876
32925
33010
33074
33105
33124
33215
33255
33326
33345
33425
33514
33590
33669
33730
33756
33852
33950
33952
34032
34040
34120
34210
34268
34281
34285
34353
34430
34527
34560
34633
34682
34744
34786
34867
34948
35029
35055
35069
35162
35189
35271
35283
35345
35410
35469
35515
35551
35643
35694
35701
35717
35758
35790
35830
35908
35980
35997
36034
36040
36052
36058
36119
36192
36271
36357
36427
36527
36615
36677
36725
36821
36870
36904
36971
37016
37091
37120
37191
37219
37259
37352
37372
37471
37498
37503
37537
37539
37614
37668
37765
37859
37938
38034
38118
38138
38141
38167
38209
38268
38283
38361
38461
38523
38548
38572
38607
38670
38769
38867
38924
38943
39043
39136
39232
39234
39283
39310
39350
39406
39488
39586
39617
39642
39688
39769
39836
39920
39997
40091
40151
40180
40240
40275
40304
40317
40334
40396
40469
40524
40555
40639
40727
40762
40831
40921
40932
41021
41038
41135
41164
41200
41211
41251
41280
41371
41406
41450
41478
41542
41582
41660
41661
41717
41731
41749
41827
41836
41858
41938
41958
42052
42092
42106
42110
42170
42248
42301
42332
42387
42466
42566
42617
42631
42643
42647
42711
42739
42809
42907
42959
43025
43029
43040
43064
43125
43223
43244
43323
43381
43461
43542
43575
43636
43693
43704
43735
43788
43863
43908
43928
44010
44104
44199
44284
44359
44444
44500
44564
44609
44621
44702
44788
44802
44845
44881
44883
44918
44990
45042
45118
45122
45155
45213
45288
45306
45395
45405
45406
45503
45532
45572
45603
45657
45686
45769
45822
45862
45912
45962
46046
46050
46137
46189
46257
46312
46335
46341
46437
46478
46506
46573
46642
46675
46707
46801
46840
46926
47013
47097
47102
47136
47139
47147
47174
47214
47220
47297
47356
47380
47476
47533
47610
47689
47691
47763
47802
47846
47886
47942
48006
48016
48051
48124
48177
48182
48249
48294
48336
48378
48448
48485
48550
48589
48635
48725
48748
48784
48794
48866
48925
48944
48990
49080
49137
49205
49233
49241
49284
49318
49329
49395
49397
49412
49470
49472
49495
49529
49588
49601
49643
49646
49670
49721
49812
49874
49904
49991
50067
50099
50124
50209
50217
50277
50278
50323
50390
50443
50485
50487
50488
50528
50531
50565
50618
50639
50678
50706
50762
50837
50899
