769
867
966
1013
1027
1109
1116
1183
1271
1279
1346
1357
1363
1457
1472
1566
1583
1667
1758
1799
1861
1872
1956
2037
2070
2072
2145
2165
2182
2230
2250
2344
2359
2408
2455
2494
2495
2553
2620
2670
2705
2801
2886
2976
3059
3086
3130
3154
3185
3279
3320
3412
3488
3497
3503
3577
3654
3703
3718
3794
3879
3952
3969
4055
4084
4131
4189
4285
4328
4377
4401
4421
4442
4538
4563
4610
4708
4793
4869
4942
4949
5026
5028
5072
5141
5237
5317
5336
5368
5425
5471
5543
5576
5622
5643
5691
5707
5795
5842
5938
6038
6106
6116
6171
6264
6285
6340
6373
6453
6515
6521
6556
6566
6604
6626
6717
6764
6771
6839
6881
6931
7016
7022
7089
7138
7157
7230
7328
7375
7444
7506
7585
7664
7735
7809
7834
7888
7979
8063
8089
8148
8218
8244
8344
8420
8433
8528
8549
8570
8587
8627
8680
8777
8796
8824
8860
8952
8959
8997
9044
9052
9095
9139
9186
9264
9361
9454
9464
9469
9482
9498
9524
9613
9628
9709
9745
9746
9760
9774
9821
9918
9980
10041
10082
10176
10206
10249
10306
10388
10453
10532
10564
10569
10599
10601
10608
10633
10692
10758
10813
10902
10943
11028
11090
11182
11248
11337
11389
11466
11489
11553
11637
11719
11817
11843
11896
11951
12004
12065
12098
12162
12167
12241
12305
12400
12467
12472
12484
12533
12574
12578
12597
12603
12639
12691
12768
12806
12887
12969
13006
13019
13092
13144
13193
13253
13349
13448
13501
13548
13627
13669
13730
13759
13826
13869
13939
13950
14002
14098
14122
14198
14232
14273
14304
14380
14426
14437
14488
14491
14550
14557
14615
14706
14751
14823
14828
14841
14922
15004
15065
15127
15200
15297
15345
15383
15448
15451
15517
15538
15625
15696
15725
15799
15840
15864
15891
15925
15930
15953
16033
16056
16087
16103
16112
16138
16231
16270
16324
16385
16455
16535
16608
16618
16712
16799
16858
16932
16951
17036
17074
17135
17215
17256
17305
17310
17343
17393
17464
17508
17604
17657
17658
17756
17813
17836
17935
17940
17973
17979
18066
18092
18156
18157
18217
18260
18349
18386
18464
18547
18617
18656
18727
18817
18831
18930
18940
18992
19045
19123
19171
19239
19252
19254
19269
19282
19288
19329
19364
19402
19437
19452
19541
19635
19733
19803
19895
19952
19984
19993
20043
20113
20169
20241
20325
20339
20387
20451
20533
20592
20621
20639
20727
20819
20843
20851
20892
20931
20949
21039
21123
21164
21248
21291
21377
21394
21474
21546
21635
21694
21711
21768
21821
21913
21969
22024
22058
22059
22111
22118
22176
22247
22332
22387
22479
22530
22573
22595
22673
22706
22760
22768
22782
22831
22877
22880
22927
22981
23074
23150
23232
23285
23342
23368
23413
23507
23530
23578
23674
23738
23771
23786
23794
23856
23889
23969
24044
24130
24202
24208
24225
24320
24364
24382
24405
24423
24438
24509
24561
24648
24697
24699
24771
24834
24880
24921
24982
25030
25039
25077
25111
25182
25268
25337
25416
25472
25496
25509
25515
25613
25665
25745
25818
25894
25895
25969
25988
26028
26123
26161
26195
26287
26340
26373
26390
26400
26469
26510
26550
26557
26599
26617
26639
26659
26737
26779
26858
26933
26959
26960
26998
27040
27061
27070
27108
27171
27176
27260
27285
27337
27355
27417
27486
27586
27670
27697
27795
27820
27903
27992
28001
28022
28027
28054
28125
28144
28230
28297
28387
28447
28501
28598
28659
28754
28851
28941
28944
28967
28993
29080
29169
29198
29288
29309
29394
29467
29567
29635
29646
29674
29690
29775
29874
29887
29974
30051
30123
30217
30237
30299
30376
30389
30473
30530
30539
30552
30575
30672
30702
30799
30808
30814
30872
30918
30922
30961
31031
31097
31150
31229
31280
31314
31352
31419
31499
31565
31629
31687
31724
31799
31874
31920
31988
32062
32109
32206
32215
32224
32242
32260
32321
32329
32429
32453
32484
32552
32558
32632
32633
32732
32759
32824
32903
32905
32913
32995
33089
33189
33212
33254
33307
33350
33442
33473
33525
33534
33577
33584
33609
33694
33709
33738
33753
33768
33772
33840
33863
33957
34012
34068
34139
34225
34321
34376
34463
34522
34587
34600
34696
34729
34758
34833
34866
34914
34990
35053
35060
35099
35138
35185
35285
35359
35412
35453
35507
35511
35540
35555
35642
35650
35720
35776
35824
35825
35833
35893
35949
35957
36002
36054
36142
36200
36249
36330
36384
36397
36444
36543
36552
36622
36687
36760
36814
36827
36835
36906
36939
37009
37029
37127
37148
37152
37153
37156
37251
37289
37325
37366
37453
37476
37537
37542
37597
37646
37693
37717
37781
37830
37881
37926
38004
38022
38066
38105
38187
38202
38291
38366
38460
38471
38505
38521
38573
38612
38703
38762
38768
38781
38829
38886
38894
38953
38954
38971
39019
39112
39188
39257
39353
39364
39398
39434
39515
39589
39644
39665
39724
39799
39853
39898
39917
39932
39978
40066
40088
40177
40246
40266
40358
40392
40450
40548
40644
40657
40685
40698
40762
40768
40851
40935
40985
41057
41120
41197
41198
41260
41348
41434
41442
41538
41580
41661
41754
41757
41790
41852
41914
41960
42010
42090
42150
42225
42270
42312
42334
42385
42439
42501
42552
42650
42678
42768
42778
42804
42843
42895
42933
43029
43087
43187
43192
43232
43313
43401
43473
43500
43567
43642
43645
43732
43808
43816
43838
43872
43929
44001
44062
44122
44150
44167
44230
44308
44376
44427
44452
44541
44585
44598
44620
44676
44681
44739
44758
44816
44896
44955
44999
45037
45112
45169
45187
45201
45215
45229
45297
45299
45380
45395
45466
45546
45598
45614
45681
45694
45714
45788
45810
45858
45910
45920
45941
46000
46086
46129
46203
46249
46274
46363
46458
46477
46523
46618
46694
46766
46866
46885
46931
46964
46981
47016
47105
47128
47210
47257
47316
47394
47401
47460
47491
47564
47606
47659
47757
47782
47835
47918
47967
47975
48042
48052
48081
48092
48106
48201
48238
48264
48316
48398
48440
48464
48541
48557
48650
48691
48720
48812
48900
48912
48955
49029
49057
49138
49199
49238
49322
49344
49414
49465
49476
49518
49613
49707
49715
49762
49846
49875
49924
49928
49974
50056
50113
50209
50226
50287
50304
50319
50419
50463
50510
50537
50543
50557
50586
50616
50631
50634
50677
50694
50709
50800
50809
