739
831
911
922
942
983
1031
1110
1144
1207
1226
1319
1393
1488
1547
1579
1670
1704
1732
1811
1860
1881
1949
2004
2036
2066
2112
2202
2254
2275
2365
2458
2551
2574
2663
2672
2723
2812
2844
2900
2982
3044
3135
3228
3240
3277
3312
3379
3420
3431
3513
3527
3558
3602
3629
3658
3667
3743
3840
3872
3939
3955
3988
4013
4048
4138
4198
4235
4331
4345
4445
4463
4518
4581
4637
4671
4768
4787
4863
4907
4982
4992
5040
5059
5099
5100
5145
5178
5258
5294
5327
5336
5339
5366
5448
5514
5566
5579
5608
5673
5728
5748
5812
5895
5913
5924
6017
6055
6137
6212
6235
6245
6261
6293
6309
6395
6429
6435
6470
6486
6500
6581
6655
6743
6831
6888
6951
6971
7039
7041
7138
7230
7270
7305
7397
7414
7460
7497
7586
7678
7704
7731
7815
7865
7924
7959
8021
8101
8170
8192
8268
8364
8378
8395
8413
8427
8439
8451
8465
8483
8539
8627
8689
8783
8808
8837
8935
9006
9041
9086
9093
9157
9203
9261
9352
9408
9495
9555
9627
9666
9746
9842
9890
9922
9997
10094
10174
10232
10299
10334
10386
10422
10501
10523
10579
10616
10666
10763
10827
10852
10906
10952
11010
11052
11104
11187
11257
11345
11413
11486
11490
11496
11576
11650
11748
11772
11832
11911
11936
12015
12065
12117
12122
12145
12238
12283
12284
12366
12424
12516
12552
12595
12627
12695
12752
12780
12843
12907
12926
12930
13029
13038
13045
13115
13182
13255
13258
13276
13365
13402
13481
13550
13576
13608
13651
13667
13705
13754
13839
13852
13916
13993
14009
14038
14093
14127
14133
14198
14209
14309
14367
14420
14425
14454
14456
14486
14501
14535
14546
14619
14677
14732
14781
14881
14969
14985
15026
15065
15083
15178
15269
15307
15375
15449
15537
15606
15610
15628
15673
15766
15818
15847
15939
15975
16007
16042
16054
16074
16100
16194
16264
16307
16327
16335
16349
16388
16482
16547
16634
16692
16740
16770
16812
16908
16948
16956
17013
17070
17082
17136
17150
17214
17234
17331
17379
17436
17483
17571
17658
17742
17802
17849
17923
17939
17944
18005
18054
18056
18138
18191
18271
18278
18330
18339
18369
18386
18467
18498
18540
18600
18666
18757
18811
18815
18901
18904
18959
19007
19038
19056
19066
19108
19168
19239
19309
19396
19456
19539
19599
19687
19735
19774
19791
19839
19858
19889
19898
19989
20021
20026
20049
20102
20135
20146
20235
20240
20304
20350
20358
20387
20395
20404
20431
20506
20543
20579
20591
20606
20629
20682
20709
20742
20759
20775
20805
20861
20907
21000
21086
21168
21175
21227
21231
21275
21277
21342
21408
21488
21573
21615
21701
21755
21789
21792
21840
21907
21956
22018
22104
22110
22185
22226
22239
22282
22333
22345
22442
22496
22534
22542
22548
22607
22621
22694
22766
22849
22949
23007
23105
23123
23166
23230
23297
23373
23419
23497
23565
23594
23617
23640
23685
23758
23772
23797
23882
23910
23978
24065
24128
24205
24244
24274
24279
24376
24460
24546
24559
24638
24652
24721
24785
24799
24898
24977
25055
25059
25106
25151
25251
25278
25323
25419
25493
25498
25595
25645
25707
25756
25802
25881
25946
26027
26035
26048
26084
26143
26179
26232
26297
26340
26408
26431
26433
26438
26467
26501
26575
26671
26755
26788
26828
26859
26869
26897
26994
27058
27151
27174
27265
27330
27422
27425
27446
27480
27512
27560
27607
27616
27699
27732
27824
27896
27943
28017
28065
28130
28176
28224
28270
28319
28414
28481
28529
28605
28688
28742
28816
28858
28913
28923
28982
28984
29052
29147
29210
29211
29287
29378
29386
29467
29538
29577
29643
29734
29777
29793
29810
29834
29871
29922
30017
30020
30062
30096
30183
30264
30276
30346
30423
30434
30452
30456
30465
30474
30516
30591
30645
30728
30759
30854
30947
31016
31065
31148
31234
31314
31356
31449
31481
31537
31623
31624
31699
31799
31846
31878
31958
31998
32074
32172
32212
32267
32364
32397
32482
32548
32584
32610
32709
32716
32720
32746
32845
32945
32988
33081
33141
33231
33266
33347
33407
33494
33503
33593
33663
33743
33833
33844
33901
33996
34003
34005
34033
34089
34164
34185
34278
34364
34439
34535
34596
34624
34705
34726
34816
34889
34958
35026
35027
35058
35106
35122
35155
35208
35281
35380
35476
35541
35616
35629
35694
35736
35738
35810
35813
35909
35968
36064
36101
36128
36161
36207
36298
36347
36442
36525
36551
36589
36606
36656
36718
36768
36781
36793
36844
36849
36901
36921
36967
37005
37025
37087
37130
37186
37203
37207
37277
37365
37424
37504
37563
37637
37642
37668
37762
37772
37779
37863
37963
37980
37983
38001
38035
38061
38110
38168
38191
38206
38252
38351
38437
38473
38501
38531
38553
38612
38645
38710
38730
38787
38805
38842
38910
38932
39032
39091
39135
39143
39154
39158
39249
39343
39347
39389
39486
39487
39524
39564
39582
39669
39672
39698
39751
39826
39915
39963
40038
40114
40171
40204
40304
40308
40381
40465
40510
40567
40636
40691
40750
40844
40944
41016
41077
41128
41206
41254
41329
41352
41375
41426
41482
41496
41521
41557
41638
41680
41732
41749
41766
41810
41889
41901
41959
41978
42065
42068
42160
42211
42308
42353
42402
42499
42506
42537
42588
42606
42618
42645
42732
42770
42838
42862
42917
42979
42982
43053
43100
43175
43242
43278
43293
43301
43375
43455
43501
43529
43539
43542
43570
43649
43715
43801
43895
43969
44041
44132
44150
44222
44290
44323
44357
44364
44399
44440
44452
44499
44548
44630
44645
44676
44730
44790
44793
44826
44850
44939
44958
44960
45047
45101
45144
45201
45277
45295
45310
45400
45424
45478
45534
45541
45555
45572
45654
45691
45754
45758
45782
45828
45924
46018
46064
46159
46223
46233
46304
46391
46471
46510
46514
46545
46620
46707
46726
46769
46795
46820
46862
46870
46956
47026
47027
47126
47138
47165
47201
47260
47268
47350
47393
47490
47584
47602
47603
47631
47719
47773
47837
47861
47917
47949
48020
48110
48194
48217
48268
48337
48422
48445
48495
48538
48621
48712
48788
48811
48839
48925
48932
48942
49032
49041
49112
49129
49217
49276
49278
49342
49435
49470
49513
49583
49638
49651
49683
49760
49850
49891
49968
50025
50105
50163
50244
50259
50266
50333
50344
50362
50462
50515
50543
50544
