699
787
823
825
919
958
1002
1081
1147
1230
1252
1276
1339
1406
1410
1470
1508
1516
1556
1611
1663
1730
1771
1773
1787
1802
1857
1893
1915
1986
2007
2036
2117
2144
2147
2245
2246
2315
2325
2363
2437
2505
2598
2616
2657
2713
2732
2800
2889
2919
2937
3001
3050
3125
3219
3295
3392
3479
3546
3636
3690
3770
3826
3845
3914
3982
4038
4101
4102
4170
4254
4311
4372
4386
4461
4529
4601
4627
4667
4744
4783
4850
4934
4941
4965
4987
5033
5053
5111
5116
5191
5239
5262
5288
5369
5456
5462
5517
5540
5601
5668
5715
5814
5825
5835
5908
5913
5995
6093
6122
6143
6169
6172
6180
6273
6361
6405
6431
6437
6452
6520
6607
6654
6660
6698
6768
6830
6831
6904
6993
7000
7085
7158
7181
7244
7318
7385
7423
7441
7527
7548
7610
7655
7714
7776
7794
7831
7906
7981
7985
8056
8095
8170
8204
8219
8269
8309
8397
8464
8556
8562
8589
8613
8711
8767
8794
8860
8889
8891
8936
8967
8998
9083
9147
9159
9204
9255
9276
9361
9450
9505
9572
9646
9675
9733
9774
9782
9849
9946
10009
10063
10103
10203
10278
10332
10418
10518
10612
10678
10679
10762
10809
10837
10883
10887
10894
10906
10908
10953
11005
11078
11111
11122
11210
11232
11252
11298
11348
11390
11441
11515
11550
11634
11717
11801
11812
11824
11842
11934
11959
11983
12079
12110
12127
12177
12260
12269
12325
12358
12457
12535
12612
12638
12676
12684
12776
12833
12892
12980
13034
13076
13100
13106
13119
13124
13170
13246
13334
13424
13504
13599
13624
13715
13745
13798
13804
13824
13849
13920
13954
13990
14016
14056
14063
14066
14157
14215
14234
14307
14380
14465
14561
14616
14674
14719
14773
14864
14885
14931
14991
14992
15059
15115
15129
15162
15262
15291
15388
15412
15415
15508
15600
15622
15658
15743
15796
15836
15838
15912
15924
15963
15966
15986
16017
16064
16099
16144
16214
16232
16283
16289
16343
16422
16450
16467
16512
16559
16586
16636
16671
16735
16818
16906
16945
16986
17006
17010
17072
17119
17186
17191
17219
17288
17384
17392
17464
17498
17556
17626
17696
17755
17778
17789
17807
17818
17859
17901
17958
17984
18012
18037
18038
18097
18185
18236
18332
18344
18356
18423
18452
18481
18562
18657
18728
18795
18868
18941
18990
18995
18999
19008
19087
19125
19194
19279
19343
19351
19390
19480
19512
19534
19575
19655
19713
19807
19888
19949
19974
19990
20048
20090
20105
20155
20183
20191
20272
20362
20408
20442
20483
20497
20587
20628
20697
20723
20816
20829
20905
20911
20993
21006
21019
21025
21071
21074
21172
21228
21259
21260
21288
21335
21356
21377
21461
21553
21603
21605
21676
21710
21746
21820
21861
21885
21890
21941
22015
22028
22047
22136
22162
22192
22233
22250
22251
22340
22416
22474
22526
22568
22570
22667
22681
22705
22706
22743
22811
22835
22935
22988
23060
23158
23258
23357
23367
23431
23498
23544
23545
23560
23561
23602
23669
23702
23714
23754
23842
23920
23962
24011
24074
24144
24212
24253
24278
24344
24406
24420
24509
24607
24672
24736
24760
24828
24912
24990
24994
25091
25152
25207
25247
25340
25416
25455
25497
25559
25587
25592
25676
25707
25766
25815
25902
25909
25910
25941
26026
26089
26163
26185
26231
26317
26415
26421
26444
26477
26512
26532
26632
26640
26696
26720
26801
26843
26854
26900
26930
26951
27029
27074
27161
27207
27210
27264
27343
27430
27519
27575
27642
27666
27667
27748
27775
27852
27914
27982
28001
28099
28182
28198
28216
28293
28311
28402
28450
28522
28557
28611
28710
28791
28884
28971
29066
29084
29173
29211
29261
29338
29376
29473
29493
29571
29643
29732
29737
29811
29856
29899
29930
29965
30029
30053
30120
30129
30143
30237
30333
30412
30506
30556
30644
30688
30729
30814
30827
30847
30886
30917
30937
30988
31023
31109
31134
31220
31274
31354
31448
31532
31632
31648
31682
31737
31807
31907
31961
32010
32011
32046
32072
32097
32188
32279
32281
32332
32362
32420
32480
32532
32582
32679
32741
32755
32772
32844
32928
32948
33040
33058
33076
33077
33113
33177
33192
33247
33326
33358
33440
33501
33590
33633
33723
33725
33825
33901
33913
33986
34079
34128
34131
34175
34246
34333
34433
34465
34538
34560
34567
34603
34613
34688
34749
34842
34853
34934
34973
35055
35155
35168
35245
35321
35330
35377
35394
35488
35494
35540
35631
35673
35703
35788
35810
35901
35996
36033
36127
36187
36196
36273
36328
36383
36429
36473
36562
36656
36678
36717
36740
36792
36871
36956
37027
37040
37077
37088
37133
37200
37287
37290
37298
37329
37339
37349
37370
37420
37437
37536
37589
37627
37664
37732
37776
37798
37843
37930
37932
37938
38033
38116
38153
38154
38253
38324
38361
38442
38456
38474
38517
38589
38596
38615
38619
38667
38674
38682
38728
38769
38778
38842
38934
38968
39002
39050
39071
39129
39229
39291
39309
39403
39435
39448
39492
39585
39660
39701
39733
39771
39806
39832
39836
39912
39923
39974
40043
40131
40214
40305
40306
40341
40423
40508
40587
40667
40682
40684
40752
40761
40778
40790
40878
40941
40964
41046
41121
41164
41240
41250
41292
41365
41386
41475
41502
41514
41538
41615
41707
41745
41757
41784
41834
41857
41894
41994
42036
42130
42164
42208
42251
42309
42361
42422
42510
42602
42617
42619
42700
42714
42795
42885
42925
43013
43017
43094
43123
43203
43289
43379
43390
43450
43454
43476
43530
43547
43584
43613
43702
43749
43756
43820
43880
43971
44040
44045
44053
44091
44125
44162
44166
44188
44282
44372
44414
44478
44576
44675
44732
44805
44892
44950
45028
45069
45150
45221
45297
45305
45384
45452
45460
45560
45582
45591
45662
45748
45829
45830
45886
45981
46049
46105
46153
46242
46300
46390
46402
46414
46486
46524
46566
46614
46658
46742
46842
46904
46997
47090
47127
47141
47197
47208
47272
47296
47304
47309
47336
47368
47410
47428
47433
47460
47493
47500
47532
47557
47597
47619
47716
47794
47892
47983
48005
48059
48137
48228
48248
48340
48382
48397
48405
48487
48532
48539
48595
48648
48650
48674
48759
48832
48877
48902
48905
48923
49019
49058
49094
49117
49149
49229
49285
49307
49406
49477
49518
49541
49577
49578
49666
49725
49774
49805
49887
49969
50040
