386
423
464
476
503
538
611
661
761
774
814
830
860
900
976
1069
1148
1188
1219
1316
1342
1442
1447
1452
1505
1575
1616
1703
1738
1826
1884
1973
2029
2107
2192
2194
2205
2232
2317
2374
2415
2510
2601
2651
2679
2694
2753
2759
2814
2831
2893
2939
2998
3001
3086
3122
3184
3264
3312
3379
3393
3433
3519
3592
3689
3778
3859
3922
3931
4006
4098
4119
4183
4241
4284
4344
4356
4379
4392
4411
4454
4516
4612
4689
4739
4786
4841
4931
5002
5095
5120
5160
5230
5248
5300
5317
5406
5434
5440
5492
5507
5556
5632
5694
5789
5848
5913
5954
5977
6059
6153
6251
6326
6369
6377
6467
6533
6589
6605
6654
6701
6759
6857
6940
6984
7080
7119
7218
7280
7311
7350
7365
7397
7497
7523
7592
7621
7648
7700
7704
7784
7790
7871
7914
7949
7989
8017
8061
8073
8131
8207
8284
8377
8472
8551
8603
8641
8731
8767
8821
8824
8923
8982
9051
9083
9148
9184
9193
9219
9227
9303
9342
9370
9441
9491
9537
9568
9636
9731
9733
9763
9815
9843
9902
9917
9949
10037
10106
10136
10202
10210
10213
10281
10319
10412
10503
10591
10612
10622
10650
10721
10807
10879
10962
11021
11078
11148
11209
11239
11294
11321
11347
11404
11474
11519
11592
11611
11696
11775
11831
11921
12016
12082
12106
12125
12155
12198
12224
12257
12340
12418
12424
12439
12459
12496
12592
12629
12678
12738
12815
12911
13011
13069
13166
13240
13265
13267
13322
13331
13368
13437
13474
13574
13674
13731
13736
13781
13819
13905
13960
14012
14062
14123
14156
14205
14206
14211
14299
14347
14404
14450
14455
14499
14506
14540
14556
14621
14721
14821
14845
14927
14948
15000
15044
15069
15073
15109
15195
15250
15329
15370
15425
15479
15493
15543
15620
15636
15689
15708
15803
15899
15947
15979
15999
16014
16103
16175
16229
16296
16332
16416
16475
16545
16624
16716
16780
16804
16899
16988
17085
17099
17140
17217
17281
17335
17372
17404
17414
17478
17566
17612
17701
17733
17789
17809
17865
17903
17991
18019
18066
18133
18192
18250
18286
18351
18367
18412
18446
18460
18483
18577
18611
18643
18715
18800
18841
18941
19015
19059
19079
19086
19157
19216
19247
19330
19355
19358
19381
19466
19493
19496
19572
19664
19695
19719
19736
19815
19860
19870
19886
19905
19952
19967
20005
20094
20125
20142
20228
20302
20309
20371
20461
20514
20540
20624
20692
20731
20736
20790
20863
20878
20923
20932
21027
21029
21091
21125
21206
21291
21323
21364
21460
21514
21576
21588
21617
21650
21740
21751
21839
21923
21931
21972
22039
22110
22151
22159
22177
22251
22332
22396
22480
22549
22584
22665
22705
22722
22755
22797
22866
22946
23013
23091
23115
23183
23190
23288
23379
23401
23444
23464
23522
23590
23675
23715
23815
23821
23853
23892
23922
23925
24001
24020
24054
24140
24205
24222
24250
24294
24326
24335
24402
24489
24518
24612
24642
24737
24802
24865
24959
25038
25042
25088
25158
25187
25260
25357
25403
25465
25529
25546
25630
25722
25734
25764
25849
25888
25954
25971
26013
26107
26142
26172
26264
26287
26296
26374
26455
26476
26531
26596
26666
26689
26785
26869
26912
26994
26995
27061
27077
27080
27105
27111
27145
27175
27177
27243
27254
27290
27367
27440
27523
27612
27666
27712
27764
27847
27876
27951
27965
28034
28067
28140
28234
28302
28345
28347
28353
28374
28431
28523
28542
28553
28602
28694
28726
28731
28795
28848
28910
28976
29075
29104
29138
29205
29254
29291
29373
29376
29397
29423
29491
29510
29588
29600
29677
29777
29838
29880
29883
29911
29971
30052
30150
30217
30218
30274
30276
30346
30376
30397
30444
30533
30546
30576
30613
30643
30722
30750
30760
30811
30813
30912
30931
31007
31107
31152
31168
31218
31290
31376
31397
31471
31479
31565
31664
31726
31783
31871
31879
31939
31981
31991
32061
32075
32120
32124
32209
32258
32295
32309
32334
32351
32431
32504
32595
32656
32700
32734
32781
32852
32857
32957
33037
33106
33199
33273
33356
33422
33442
33453
33467
33517
33552
33585
33625
33676
33719
33764
33813
33843
33925
33968
34047
34048
34052
34061
34109
34186
34276
34316
34405
34439
34514
34584
34670
34734
34814
34875
34974
35046
35146
35183
35262
35271
35309
35349
35359
35369
35394
35441
35541
35594
35667
35751
35847
35855
35941
36028
36031
36074
36108
36164
36166
36249
36286
36347
36439
36515
36613
36663
36754
36823
36882
36929
37000
37079
37163
37195
37258
37305
37399
37495
37589
37677
37687
37741
37818
37896
37919
37997
38004
38023
38109
38146
38223
38252
38313
38351
38374
38452
38509
38601
38648
38731
38795
38871
38953
39026
39038
39096
39166
39176
39232
39299
39351
39424
39442
39516
39549
39585
39646
39701
39754
39762
39779
39860
39957
40054
40133
40173
40185
40213
40254
40278
40335
40421
40450
40545
40606
40612
40632
40712
40794
40807
40881
40923
40973
40984
41031
41073
41074
41153
41237
41250
41313
41326
41349
41401
41429
41443
41453
41511
41589
41603
41679
41692
41767
41799
41866
41892
41967
42039
42104
42139
42171
42201
42275
42337
42408
42496
42562
42646
42693
42752
42778
42810
42868
42894
42930
43022
43091
43168
43214
43237
43325
43332
43386
43395
43448
43527
43607
43679
43774
43861
43889
43904
43920
43975
44074
44100
44174
44235
44284
44325
44385
44418
44486
44559
44595
44668
44745
44835
44919
44959
44978
45054
45093
45101
45137
45169
45220
45281
45346
45377
45415
45504
45604
45606
45656
45681
45737
45816
45872
45946
45957
45975
46017
46034
46065
46149
46198
46295
46305
46396
46461
46501
46555
46571
46628
46630
46671
46672
46757
46772
46870
46874
46910
46977
47023
47110
47131
47171
47200
47203
47242
47323
47382
47444
47457
47499
47525
47536
47614
47670
47761
47769
47830
47857
47897
47962
48027
48108
48157
48166
48194
48195
48205
48246
48321
48399
48464
48534
48620
48663
48690
48720
48748
48839
48856
48914
48998
49023
49047
49071
49130
49135
49174
49223
49319
49324
49421
49480
49565
49603
49637
49726
49738
49818
49874
49923
50008
50063
50136
50159
50172
50184
50215
50238
50308
50345
50434
50476
50558
50568
50583
50658
50696
50794
50859
50883
50938
51034
51111
51209
51309
51363
51407
51450
51452
