335
388
423
433
461
533
583
661
720
762
838
852
913
941
984
1083
1085
1123
1189
1230
1315
1378
1432
1502
1574
1625
1636
1725
1811
1847
1875
1946
2046
2089
2171
2173
2209
2251
2280
2366
2407
2503
2508
2541
2562
2612
2683
2697
2746
2788
2854
2870
2941
2955
3041
3104
3183
3250
3287
3331
3350
3438
3479
3567
3659
3703
3773
3828
3919
3987
4033
4051
4134
4178
4200
4265
4309
4320
4378
4429
4464
4527
4545
4597
4686
4769
4814
4831
4909
4921
5009
5059
5141
5223
5278
5283
5359
5375
5445
5504
5527
5534
5586
5685
5699
5771
5826
5924
5974
6046
6074
6169
6179
6253
6347
6378
6418
6510
6563
6615
6673
6722
6741
6782
6833
6836
6845
6848
6885
6910
6963
7018
7098
7107
7142
7221
7284
7314
7361
7449
7492
7528
7613
7651
7675
7755
7801
7898
7953
8051
8100
8163
8171
8208
8214
8234
8241
8247
8269
8315
8397
8399
8446
8504
8562
8586
8588
8640
8708
8757
8797
8889
8912
8972
9052
9088
9092
9135
9194
9252
9269
9338
9351
9437
9451
9496
9588
9643
9711
9724
9753
9809
9898
9974
10063
10124
10171
10230
10290
10312
10410
10507
10578
10579
10645
10700
10742
10792
10869
10901
11001
11024
11047
11052
11137
11192
11206
11287
11386
11482
11491
11502
11539
11569
11645
11718
11809
11873
11893
11912
11931
12031
12113
12161
12256
12281
12352
12435
12525
12611
12682
12762
12787
12821
12909
12997
13063
13136
13145
13155
13211
13281
13349
13419
13458
13521
13527
13574
13671
13693
13763
13787
13806
13883
13939
14016
14046
14108
14189
14218
14240
14295
14340
14351
14419
14507
14510
14589
14646
14723
14815
14844
14919
15016
15112
15165
15209
15260
15265
15360
15373
15399
15413
15490
15538
15608
15658
15673
15679
15747
15793
15837
15862
15898
15995
16006
16053
16078
16164
16203
16242
16303
16388
16464
16506
16576
16626
16682
16738
16765
16857
16874
16948
16960
17017
17059
17061
17149
17233
17267
17285
17301
17351
17429
17482
17523
17541
17586
17655
17734
17754
17769
17806
17893
17940
17941
17970
18037
18041
18130
18191
18221
18265
18279
18371
18443
18508
18600
18611
18698
18762
18798
18853
18927
19009
19030
19112
19209
19268
19277
19324
19347
19376
19452
19489
19568
19643
19699
19777
19873
19915
19954
20040
20113
20197
20199
20234
20308
20327
20347
20412
20494
20589
20681
20730
20826
20852
20880
20972
21026
21123
21150
21204
21290
21295
21345
21380
21403
21449
21466
21519
21544
21606
21704
21782
21870
21959
21966
22060
22102
22181
22201
22274
22282
22316
22377
22462
22488
22524
22543
22598
22684
22728
22746
22780
22837
22877
22940
22963
22973
23036
23073
23074
23121
23197
23269
23323
23349
23426
23515
23567
23639
23718
23770
23868
23923
23955
24033
24052
24073
24159
24239
24339
24420
24491
24590
24593
24688
24735
24829
24883
24972
24988
25078
25165
25209
25249
25334
25400
25448
25479
25536
25544
25599
25609
25666
25715
25812
25825
25847
25922
25996
26078
26143
26210
26283
26341
26365
26371
26467
26566
26577
26626
26679
26690
26696
26745
26755
26791
26837
26894
26917
26998
27071
27143
27231
27256
27276
27304
27329
27425
27488
27570
27669
27744
27746
27835
27875
27973
28017
28053
28099
28120
28209
28273
28358
28416
28431
28521
28597
28622
28632
28693
28791
28835
28910
28979
29027
29066
29103
29185
29262
29299
29340
29422
29453
29490
29502
29579
29635
29637
29727
29739
29760
29767
29861
29931
29955
29985
30059
30136
30178
30191
30194
30282
30313
30401
30421
30491
30563
30662
30718
30797
30844
30927
30959
31021
31079
31169
31232
31287
31354
31365
31383
31385
31480
31487
31517
31570
31640
31662
31665
31716
31791
31835
31856
31878
31967
32036
32123
32185
32196
32239
32304
32343
32354
32402
32413
32478
32488
32558
32581
32590
32686
32709
32809
32834
32910
32996
33012
33015
33028
33113
33141
33157
33164
33180
33221
33230
33243
33326
33377
33450
33477
33556
33640
33663
33698
33765
33809
33891
33932
33979
34033
34102
34180
34199
34269
34312
34405
34437
34451
34499
34503
34570
34595
34635
34688
34707
34775
34828
34875
34967
35054
35076
35077
35142
35183
35211
35276
35353
35414
35438
35442
35498
35562
35629
35719
35803
35865
35909
35960
36012
36080
36081
36136
36159
36244
36252
36275
36313
36393
36484
36503
36560
36607
36644
36666
36687
36749
36776
36845
36923
36965
36966
36971
37002
37034
37099
37152
37185
37260
37282
37373
37399
37431
37453
37544
37628
37723
37772
37869
37886
37945
37969
38045
38056
38060
38106
38164
38173
38258
38355
38417
38435
38462
38512
38535
38592
38667
38739
38767
38822
38888
38972
39012
39062
39156
39207
39287
39302
39347
39388
39451
39494
39586
39651
39667
39712
39783
39819
39870
39888
39969
40038
40074
40167
40174
40240
40276
40333
40416
40457
40491
40563
40588
40609
40705
40777
40813
40874
40913
41009
41067
41160
41220
41230
41324
41325
41409
41491
41496
41580
41674
41756
41758
41796
41822
41915
41982
42003
42082
42103
42155
42234
42287
42329
42371
42388
42471
42527
42576
42651
42731
42783
42850
42869
42956
43002
43053
43078
43116
43202
43242
43286
43287
43386
43426
43498
43564
43609
43610
43643
43674
43766
43835
43841
43902
43924
43966
44035
44057
44126
44200
44239
44268
44310
44360
44429
44442
44492
44512
44587
44618
44664
44723
44733
44806
44876
44884
44913
44961
45044
45048
45105
45127
45219
45240
45340
45418
45460
45477
45566
45592
45656
45710
45770
45788
45882
45954
46030
46110
46179
46197
46251
46328
46378
46460
46540
46568
46663
46737
46830
46921
46956
47014
47089
47156
47212
47231
47299
47343
47366
47456
47490
47530
47611
47617
47640
47731
47815
47821
47859
47908
47943
47966
48010
48034
48097
48177
48271
48318
48377
48427
48428
48514
48521
48537
48622
48650
48738
48768
48803
48884
48964
49050
49126
49199
49253
49278
49360
49419
49451
49549
49599
49673
49763
49830
49921
49960
49975
50001
50037
50088
50101
50187
50254
50320
50380
50479
50509
50594
50660
50677
50727
50809
50850
50914
50954
51007
51066
51103
51179
51197
51213
51244
51319
51368
51437
51521
51567
51599
51654
51700
51778
51868
51932
51985
52014
52110
