733
792
872
878
971
1028
1091
1111
1183
1225
1265
1287
1359
1414
1499
1595
1641
1650
1652
1703
1800
1801
1891
1926
2014
2056
2116
2147
2185
2225
2296
2309
2319
2414
2453
2506
2592
2629
2688
2767
2768
2783
2828
2918
2983
2987
3017
3040
3119
3209
3299
3345
3408
3487
3569
3644
3733
3757
3814
3873
3934
3938
3943
3973
4001
4068
4154
4205
4281
4324
4342
4395
4475
4513
4530
4544
4630
4721
4743
4836
4889
4936
4979
5066
5156
5219
5281
5340
5417
5475
5548
5559
5646
5730
5797
5812
5906
5931
5957
6001
6019
6093
6162
6247
6296
6330
6414
6421
6430
6512
6550
6617
6683
6725
6773
6818
6872
6968
7010
7071
7139
7148
7160
7258
7329
7383
7469
7551
7586
7617
7698
7709
7787
7844
7924
7978
8044
8100
8122
8166
8187
8258
8303
8338
8420
8455
8516
8524
8614
8624
8686
8750
8786
8789
8836
8858
8933
8983
8988
8995
9088
9185
9231
9316
9413
9497
9528
9562
9573
9629
9727
9779
9815
9898
9998
10096
10172
10250
10302
10305
10312
10329
10400
10478
10494
10584
10665
10747
10775
10839
10851
10950
10982
10988
11059
11061
11084
11154
11155
11236
11302
11325
11420
11508
11582
11679
11690
11704
11756
11782
11816
11907
11998
12044
12069
12113
12180
12205
12213
12309
12371
12440
12447
12531
12561
12628
12698
12787
12797
12863
12875
12967
12977
13064
13114
13193
13233
13278
13321
13339
13420
13494
13556
13607
13627
13719
13770
13825
13867
13948
14046
14134
14212
14301
14331
14348
14431
14464
14471
14494
14537
14559
14577
14622
14637
14692
14790
14795
14880
14890
14977
15022
15114
15186
15229
15287
15325
15424
15474
15505
15581
15586
15663
15719
15750
15774
15830
15907
15961
16016
16086
16173
16253
16327
16354
16360
16439
16511
16599
16620
16627
16653
16709
16711
16714
16743
16772
16796
16863
16878
16891
16968
17000
17071
17135
17220
17319
17341
17394
17408
17464
17557
17584
17626
17719
17748
17813
17818
17894
17956
17994
18046
18139
18145
18146
18234
18290
18300
18351
18370
18392
18443
18473
18529
18586
18625
18669
18736
18754
18853
18953
18988
18992
19014
19078
19159
19214
19287
19325
19378
19432
19436
19451
19531
19560
19627
19687
19741
19788
19818
19908
19967
19976
20071
20139
20201
20294
20334
20399
20441
20501
20555
20619
20653
20720
20757
20769
20849
20936
20961
20989
21063
21163
21231
21293
21389
21481
21544
21546
21561
21625
21636
21724
21800
21856
21865
21941
22023
22037
22064
22153
22212
22296
22371
22408
22496
22554
22556
22587
22672
22683
22743
22777
22810
22909
23000
23025
23038
23121
23171
23205
23206
23209
23282
23340
23355
23386
23401
23440
23465
23552
23565
23641
23658
23660
23676
23758
23851
23940
24025
24051
24139
24160
24201
24263
24275
24319
24353
24413
24488
24509
24515
24560
24631
24722
24805
24864
24908
24957
25026
25059
25134
25207
25237
25247
25276
25324
25331
25420
25484
25535
25558
25584
25630
25714
25795
25808
25848
25914
25998
26003
26066
26126
26165
26198
26285
26312
26341
26392
26440
26505
26602
26688
26710
26729
26742
26822
26865
26955
27034
27100
27184
27253
27274
27355
27421
27511
27554
27583
27620
27651
27726
27764
27775
27810
27850
27948
27984
28023
28103
28140
28194
28207
28243
28326
28361
28458
28490
28548
28562
28619
28684
28758
28826
28829
28832
28872
28922
28924
29016
29068
29142
29159
29162
29237
29333
29363
29394
29494
29499
29555
29579
29589
29677
29700
29786
29811
29853
29937
29996
30042
30111
30138
30146
30232
30254
30258
30292
30316
30331
30350
30437
30502
30513
30603
30629
30641
30654
30669
30738
30784
30846
30864
30934
30987
31032
31077
31156
31234
31333
31338
31363
31439
31457
31546
31559
31565
31604
31650
31736
31761
31816
31882
31899
31938
31992
32050
32052
32115
32132
32154
32208
32209
32256
32317
32339
32407
32459
32478
32525
32562
32584
32635
32679
32704
32724
32729
32810
32830
32924
32954
33019
33071
33151
33172
33180
33232
33279
33296
33390
33445
33482
33568
33579
33651
33673
33766
33806
33814
33881
33905
33922
33971
33992
34038
34115
34156
34232
34320
34335
34423
34436
34444
34528
34608
34673
34762
34802
34852
34860
34880
34886
34953
35020
35117
35200
35208
35290
35333
35358
35379
35394
35432
35524
35569
35647
35656
35737
35831
35914
35985
36072
36093
36179
36251
36314
36329
36428
36441
36522
36536
36571
36616
36632
36639
36725
36803
36848
36933
36993
37078
37163
37194
37293
37306
37402
37425
37495
37497
37595
37669
37720
37793
37833
37840
37875
37919
37986
38013
38027
38061
38129
38165
38171
38173
38233
38311
38387
38402
38457
38541
38629
38674
38728
38815
38886
38904
38942
38943
38951
39011
39035
39122
39210
39282
39294
39312
39372
39400
39435
39437
39442
39502
39597
39678
39723
39760
39856
39884
39962
40017
40030
40042
40117
40122
40182
40279
40326
40344
40424
40498
40592
40616
40628
40638
40643
40722
40753
40769
40839
40848
40925
41019
41108
41158
41225
41322
41386
41453
41545
41605
41636
41730
41792
41869
41918
41929
41939
41967
42043
42115
42123
42180
42266
42356
42444
42527
42551
42559
42591
42684
42761
42810
42898
42973
42999
43013
43084
43129
43185
43277
43347
43349
43385
43484
43552
43625
43670
43688
43703
43742
43782
43848
43936
44001
44025
44118
44126
44166
44181
44253
44311
44382
44421
44429
44522
44605
44680
44735
44797
44835
44873
44928
45005
45023
45109
45190
45259
45303
45323
45391
45456
45512
45593
45638
45709
45741
45774
45810
45885
45911
45965
46050
46149
46199
46256
46348
46442
46477
46530
46622
46626
46664
46696
46786
46872
46873
46922
47019
47036
47074
47156
47245
47282
47367
47453
47545
47577
47673
47690
47771
47787
47852
47926
47948
48046
48115
48174
48243
48318
48416
48477
48523
48564
48652
48698
48789
48831
48889
48950
49009
49038
49100
49161
49255
49342
49348
49433
49484
49508
49561
49619
49688
49784
49871
49908
49973
50023
50122
50206
50298
50386
50450
50458
50464
50505
50565
50657
50695
50720
50787
50802
50822
50869
50892
50944
51007
51070
51161
51187
51243
51299
51331
51387
51414
51467
51515
51522
51599
51655
51718
51793
51886
51890
51962
51964
51994
52044
52137
52160
