507
572
651
703
734
779
848
903
906
914
929
1023
1082
1120
1203
1288
1332
1366
1463
1467
1497
1511
1584
1640
1644
1715
1808
1851
1858
1947
2018
2115
2185
2209
2304
2340
2343
2376
2476
2558
2652
2688
2713
2717
2741
2807
2840
2931
3030
3126
3220
3258
3356
3397
3451
3488
3558
3585
3612
3644
3674
3680
3700
3755
3761
3842
3937
3942
4013
4030
4106
4112
4150
4176
4254
4302
4353
4356
4363
4428
4527
4613
4622
4696
4759
4787
4859
4956
5013
5031
5131
5199
5290
5361
5362
5399
5418
5440
5478
5512
5612
5685
5746
5784
5790
5813
5855
5902
5999
6051
6138
6196
6197
6285
6320
6383
6450
6490
6548
6646
6698
6718
6807
6834
6835
6882
6973
7036
7074
7141
7202
7249
7298
7390
7413
7484
7543
7566
7623
7641
7644
7704
7734
7796
7884
7957
8044
8130
8199
8246
8296
8326
8367
8455
8502
8508
8562
8604
8697
8715
8778
8828
8887
8906
8985
9079
9167
9238
9240
9270
9362
9381
9480
9510
9541
9627
9709
9713
9770
9832
9854
9939
9972
10020
10027
10103
10129
10228
10238
10239
10277
10349
10381
10459
10532
10568
10665
10679
10730
10774
10818
10844
10940
10942
11005
11097
11122
11189
11200
11296
11346
11377
11444
11496
11591
11634
11667
11755
11830
11866
11940
11943
12020
12037
12041
12091
12171
12258
12271
12283
12359
12432
12492
12501
12504
12547
12597
12598
12635
12673
12722
12751
12766
12814
12893
12962
12965
13024
13095
13126
13162
13192
13206
13298
13329
13367
13458
13541
13605
13652
13731
13772
13778
13788
13805
13862
13921
14004
14063
14088
14123
14197
14225
14265
14347
14381
14442
14464
14561
14612
14625
14630
14676
14728
14783
14787
14870
14872
14934
14965
15037
15116
15185
15191
15233
15329
15397
15452
15543
15545
15622
15654
15655
15698
15781
15804
15844
15932
15968
16046
16087
16103
16183
16222
16321
16347
16399
16416
16444
16458
16474
16568
16569
16637
16711
16794
16817
16862
16935
16979
17035
17097
17179
17226
17293
17392
17474
17541
17570
17657
17690
17726
17729
17740
17784
17820
17840
17928
18024
18092
18142
18150
18163
18238
18303
18367
18383
18435
18501
18511
18607
18680
18759
18781
18793
18873
18912
18933
19001
19022
19081
19131
19161
19243
19302
19324
19372
19428
19476
19535
19624
19680
19706
19758
19811
19833
19894
19908
19997
20003
20032
20064
20112
20148
20161
20255
20346
20425
20489
20563
20613
20638
20665
20744
20833
20910
20995
21064
21160
21211
21281
21300
21394
21493
21586
21609
21625
21717
21737
21828
21927
21951
21980
22019
22053
22139
22184
22193
22201
22285
22293
22361
22434
22532
22576
22636
22698
22773
22823
22870
22923
22998
23024
23123
23138
23220
23317
23354
23386
23416
23515
23589
23654
23703
23796
23859
23903
23948
23986
23997
24033
24047
24136
24216
24275
24333
24412
24500
24523
24536
24563
24639
24725
24757
24762
24858
24879
24906
24980
25044
25064
25117
25153
25204
25233
25239
25262
25310
25314
25326
25357
25446
25451
25469
25530
25553
25627
25634
25684
25738
25791
25853
25939
25954
26016
26036
26072
26090
26165
26171
26210
26301
26354
26436
26500
26566
26601
26637
26714
26808
26841
26931
26993
27024
27056
27130
27227
27245
27309
27339
27374
27388
27469
27563
27629
27661
27688
27694
27722
27755
27853
27894
27974
28049
28061
28087
28135
28204
28299
28341
28431
28456
28524
28612
28706
28721
28785
28831
28840
28888
28969
29066
29145
29244
29258
29289
29383
29465
29483
29523
29532
29564
29618
29717
29765
29807
29863
29941
29984
30012
30072
30107
30152
30247
30256
30344
30360
30397
30424
30499
30504
30535
30594
30665
30737
30762
30802
30865
30900
30909
30940
31000
31090
31138
31193
31266
31307
31330
31383
31406
31460
31489
31580
31627
31657
31724
31779
31783
31803
31829
31845
31908
31993
32032
32132
32191
32202
32212
32226
32286
32325
32342
32441
32484
32548
32600
32643
32700
32757
32814
32824
32827
32829
32846
32864
32903
32944
32975
33021
33118
33207
33209
33308
33357
33433
33493
33542
33620
33680
33775
33826
33854
33866
33892
33933
33956
33997
34002
34036
34123
34133
34138
34156
34234
34244
34312
34345
34382
34441
34486
34494
34592
34658
34752
34769
34854
34896
34921
35021
35084
35101
35152
35228
35243
35272
35337
35394
35471
35513
35610
35704
35777
35834
35866
35908
35945
36004
36091
36145
36211
36246
36254
36339
36416
36447
36454
36520
36590
36625
36688
36753
36795
36850
36926
36987
37017
37055
37107
37146
37199
37211
37224
37233
37331
37421
37464
37498
37548
37561
37600
37678
37746
37832
37867
37873
37945
37995
38024
38030
38103
38146
38206
38234
38265
38359
38445
38523
38608
38701
38740
38765
38818
38872
38947
38983
38984
39012
39090
39172
39232
39323
39340
39426
39461
39474
39555
39558
39590
39665
39706
39792
39878
39976
40002
40011
40093
40137
40189
40281
40365
40421
40487
40538
40588
40663
40711
40789
40812
40848
40862
40893
40894
40943
41038
41051
41084
41115
41172
41244
41295
41351
41429
41483
41492
41540
41601
41637
41639
41715
41741
41825
41920
41961
42054
42061
42136
42165
42174
42261
42284
42351
42450
42470
42498
42556
42648
42685
42762
42843
42918
42931
42995
43048
43144
43217
43252
43298
43320
43376
43391
43442
43525
43601
43653
43731
43755
43770
43785
43841
43938
44003
44095
44195
44270
44339
44428
44447
44546
44555
44596
44696
44770
44838
44856
44912
45001
45072
45110
45190
45197
45234
45322
45386
45424
45494
45503
45597
45682
45729
45779
45877
45964
45997
46014
46077
46113
46134
46201
46231
46329
46389
46465
46554
46648
46651
46733
46832
46865
46925
47000
47022
47052
47130
47194
47198
47228
47327
47408
47476
47517
47601
47660
47702
47725
47739
47788
47887
47948
48013
48030
48040
48117
48147
48210
48273
48346
48404
48455
48456
48463
48539
48543
48628
48654
48750
48847
48890
48916
48988
48995
49048
49145
49190
49267
49289
49297
49350
49355
49378
49458
49557
49608
49688
49765
49853
49930
49993
50084
50166
50243
50284
50355
50448
50539
50627
50694
50749
50762
50836
50923
50999
51013
51102
51199
51277
51302
51327
51414
51451
51453
51465
51496
51521
51604
51642
51675
51716
51780
51786
51824
