939
991
1040
1103
1191
1242
1255
1323
1371
1382
1435
1462
1562
1587
1657
1748
1804
1811
1837
1870
1931
1934
1978
2018
2087
2100
2170
2222
2230
2300
2356
2418
2474
2476
2534
2625
2682
2734
2782
2800
2855
2883
2952
3008
3019
3030
3080
3169
3176
3182
3231
3319
3336
3393
3460
3473
3488
3586
3638
3678
3763
3839
3903
3907
3916
4001
4082
4106
4155
4235
4303
4347
4374
4459
4525
4586
4678
4704
4709
4785
4791
4876
4955
5014
5026
5083
5102
5110
5117
5123
5194
5275
5293
5354
5419
5457
5545
5644
5691
5789
5806
5857
5874
5946
5959
5965
5999
6036
6095
6172
6257
6274
6278
6344
6349
6435
6462
6561
6613
6674
6679
6683
6726
6736
6817
6885
6959
6975
7009
7031
7086
7178
7253
7327
7366
7424
7426
7434
7488
7507
7600
7631
7661
7741
7744
7805
7817
7856
7946
7981
8035
8097
8119
8153
8204
8279
8369
8437
8531
8601
8618
8701
8795
8814
8828
8893
8978
9065
9092
9118
9162
9235
9252
9350
9419
9421
9512
9610
9659
9685
9729
9801
9843
9909
9969
9984
9998
10044
10137
10228
10298
10396
10470
10528
10530
10614
10620
10682
10703
10749
10819
10906
10907
10938
11027
11061
11145
11173
11222
11266
11340
11373
11390
11414
11467
11481
11498
11555
11640
11729
11735
11784
11847
11946
12022
12059
12079
12172
12224
12308
12344
12401
12423
12486
12535
12581
12679
12691
12701
12752
12793
12801
12834
12916
12995
13004
13048
13061
13062
13124
13129
13195
13290
13319
13418
13420
13487
13509
13548
13597
13613
13618
13675
13737
13807
13836
13928
13964
14009
14050
14082
14145
14219
14241
14258
14323
14407
14444
14512
14536
14625
14632
14679
14735
14832
14913
14922
15008
15037
15088
15139
15147
15203
15233
15322
15340
15427
15518
15573
15639
15703
15798
15870
15917
15949
16015
16028
16119
16133
16139
16222
16261
16310
16332
16405
16464
16549
16581
16660
16746
16754
16773
16851
16859
16878
16954
16979
17010
17104
17145
17153
17209
17272
17337
17390
17398
17437
17533
17590
17688
17704
17739
17793
17869
17884
17948
17960
18046
18103
18203
18219
18261
18285
18306
18339
18342
18383
18475
18568
18631
18709
18804
18835
18920
18962
18981
19063
19124
19137
19214
19280
19352
19359
19413
19421
19511
19531
19611
19660
19670
19723
19763
19861
19919
19934
20010
20094
20123
20136
20140
20165
20235
20321
20351
20396
20482
20485
20572
20626
20684
20692
20791
20874
20952
20968
21003
21074
21086
21180
21248
21322
21378
21408
21412
21485
21524
21546
21626
21654
21667
21752
21850
21934
21977
22010
22013
22014
22055
22070
22133
22191
22232
22316
22412
22492
22539
22568
22623
22688
22708
22741
22756
22795
22839
22855
22879
22885
22913
22961
23001
23087
23153
23186
23286
23351
23399
23439
23442
23492
23544
23579
23622
23695
23717
23739
23783
23871
23883
23922
24021
24083
24148
24240
24270
24353
24414
24496
24503
24574
24609
24625
24720
24729
24731
24744
24751
24802
24848
24889
24944
25033
25084
25162
25166
25208
25281
25358
25409
25502
25523
25546
25610
25700
25769
25780
25858
25923
25984
26034
26105
26121
26178
26216
26303
26348
26369
26377
26391
26439
26454
26519
26564
26628
26657
26757
26809
26878
26913
26931
26948
26951
27009
27090
27158
27234
27327
27390
27444
27454
27514
27519
27612
27669
27691
27736
27796
27860
27897
27917
27985
28014
28035
28037
28128
28183
28200
28227
28273
28355
28440
28536
28586
28635
28720
28809
28845
28864
28868
28939
28965
28972
29011
29019
29070
29121
29133
29225
29309
29400
29477
29561
29628
29695
29751
29794
29835
29890
29990
30025
30096
30186
30218
30277
30309
30404
30412
30425
30460
30543
30589
30646
30738
30794
30860
30886
30906
30984
31042
31137
31209
31254
31324
31408
31470
31511
31513
31575
31658
31703
31775
31853
31953
32021
32112
32162
32257
32310
32326
32347
32363
32404
32418
32430
32444
32525
32557
32588
32631
32674
32677
32724
32820
32919
32976
33055
33066
33140
33227
33280
33362
33370
33444
33516
33556
33589
33627
33660
33705
33723
33790
33813
33864
33962
34018
34059
34066
34102
34146
34245
34315
34335
34359
34372
34403
34498
34552
34606
34698
34768
34831
34866
34913
34944
35032
35066
35120
35137
35219
35295
35350
35442
35507
35573
35663
35760
35834
35931
35955
36011
36012
36073
36130
36223
36318
36407
36449
36452
36454
36549
36633
36696
36786
36826
36924
36965
36975
37018
37085
37123
37130
37203
37268
37348
37350
37418
37502
37542
37543
37627
37642
37738
37784
37873
37964
38058
38083
38170
38228
38286
38308
38387
38461
38549
38598
38631
38724
38785
38850
38933
38957
38964
39025
39093
39183
39251
39274
39354
39441
39474
39555
39620
39716
39766
39838
39914
39949
39959
39972
40010
40093
40119
40167
40244
40289
40380
40417
40507
40534
40567
40665
40691
40770
40786
40798
40869
40888
40986
41082
41169
41250
41283
41359
41428
41460
41559
41637
41684
41710
41756
41826
41854
41895
41950
41988
42006
42009
42106
42124
42169
42219
42253
42292
42316
42329
42396
42402
42412
42480
42483
42581
42617
42683
42723
42819
42891
42954
43008
43054
43058
43136
43215
43299
43334
43389
43439
43512
43591
43668
43747
43812
43893
43963
44019
44072
44157
44206
44221
44290
44365
44443
44490
44583
44652
44671
44700
44726
44758
44805
44904
44993
45005
45072
45075
45166
45196
45251
45350
45375
45377
45398
45441
45524
45525
45528
45573
45608
45698
45790
45879
45945
45998
46068
46127
46134
46164
46227
46319
46375
46433
46456
46540
46550
46579
46620
46714
46746
46811
46851
46921
46984
47068
47160
47240
47332
47420
47513
47523
47623
47687
47779
47808
47821
47848
47857
47908
47997
48044
48113
48114
48137
48172
48232
48331
48343
48435
48496
48518
48535
48540
48567
48584
48624
48708
48723
48773
48853
48886
48981
49036
49073
49108
49150
49178
49207
49273
49310
49345
49382
49470
49534
49603
49631
49729
49813
49835
49917
49935
50007
50068
50108
50126
50223
50242
50281
50375
50393
50399
50420
50497
50543
50545
50573
50614
50677
50712
50727
50797
50842
50866
50945
50975
51073
51097
51139
51211
51265
51329
51376
51436
51506
51513
51605
51651
51744
51776
51787
51846
51935
52004
52094
