576
619
696
769
807
849
932
934
995
1051
1071
1086
1096
1151
1180
1201
1210
1272
1291
1297
1384
1394
1410
1451
1470
1531
1564
1602
1623
1683
1752
1814
1830
1844
1929
1967
2025
2100
2190
2193
2269
2343
2432
2524
2609
2667
2714
2758
2775
2806
2877
2947
2986
3081
3125
3132
3214
3299
3397
3482
3551
3623
3662
3745
3760
3853
3855
3940
3982
4029
4126
4132
4216
4278
4279
4332
4368
4458
4467
4552
4622
4717
4752
4782
4822
4891
4898
4933
5025
5034
5057
5123
5128
5159
5175
5181
5182
5185
5270
5297
5312
5407
5409
5414
5466
5550
5567
5582
5624
5720
5722
5731
5767
5836
5921
5968
5972
6006
6055
6124
6221
6245
6333
6362
6376
6476
6558
6574
6637
6682
6700
6750
6756
6787
6806
6900
6906
6996
7002
7043
7067
7150
7154
7227
7236
7283
7288
7289
7309
7342
7372
7439
7476
7525
7588
7682
7712
7795
7855
7892
7896
7961
7964
7970
8033
8092
8170
8256
8311
8326
8336
8426
8483
8536
8595
8677
8711
8794
8842
8933
8991
8993
9006
9018
9040
9055
9081
9152
9224
9281
9377
9452
9487
9557
9591
9613
9709
9729
9756
9773
9826
9873
9914
10010
10055
10140
10215
10226
10253
10283
10357
10437
10470
10555
10597
10654
10663
10664
10698
10734
10741
10744
10816
10891
10969
11059
11132
11147
11207
11296
11339
11386
11481
11558
11571
11616
11710
11747
11834
11901
11923
11971
11996
12058
12121
12215
12262
12285
12381
12436
12507
12516
12557
12638
12701
12709
12791
12802
12873
12939
12986
13031
13080
13160
13201
13208
13210
13222
13258
13338
13342
13347
13403
13419
13502
13580
13671
13705
13795
13886
13943
14043
14115
14138
14184
14197
14211
14303
14343
14416
14466
14548
14630
14709
14728
14790
14881
14957
14971
15024
15123
15220
15227
15324
15381
15434
15533
15595
15596
15645
15712
15753
15851
15857
15900
15906
15927
15950
15957
16023
16072
16094
16104
16165
16241
16340
16439
16474
16487
16495
16518
16616
16623
16650
16697
16782
16866
16941
16974
17040
17100
17139
17180
17240
17323
17353
17370
17415
17428
17502
17549
17624
17718
17724
17735
17736
17753
17809
17854
17871
17968
18015
18066
18081
18159
18231
18288
18302
18332
18367
18397
18486
18546
18616
18668
18680
18770
18848
18885
18978
18997
19021
19054
19103
19130
19149
19238
19328
19370
19463
19502
19582
19665
19673
19758
19761
19821
19896
19948
19984
20070
20106
20134
20211
20270
20290
20299
20384
20468
20477
20489
20505
20576
20595
20607
20626
20684
20715
20810
20822
20907
21004
21015
21072
21148
21164
21208
21234
21238
21329
21355
21412
21458
21537
21568
21659
21756
21762
21838
21930
21943
22014
22076
22081
22130
22173
22190
22269
22287
22363
22460
22489
22542
22636
22663
22697
22794
22853
22857
22956
23011
23086
23154
23222
23313
23331
23351
23409
23418
23502
23551
23589
23635
23702
23715
23721
23768
23846
23890
23984
24059
24061
24130
24218
24241
24287
24318
24407
24445
24508
24521
24578
24608
24613
24668
24706
24736
24760
24809
24858
24879
24926
24962
25022
25062
25093
25105
25114
25184
25199
25272
25347
25417
25513
25563
25630
25681
25742
25776
25801
25809
25838
25921
25930
25949
26039
26061
26104
26204
26212
26312
26402
26438
26492
26500
26541
26563
26599
26610
26634
26639
26708
26737
26742
26779
26834
26873
26964
26986
27028
27039
27084
27101
27184
27223
27290
27380
27459
27528
27614
27663
27680
27767
27848
27868
27874
27895
27963
27964
27999
28018
28113
28121
28181
28186
28225
28300
28360
28393
28491
28588
28619
28719
28797
28854
28928
29004
29021
29090
29154
29210
29259
29322
29357
29363
29420
29429
29508
29526
29576
29609
29628
29727
29752
29819
29896
29979
29992
30080
30137
30215
30304
30305
30328
30394
30484
30547
30601
30613
30693
30779
30808
30894
30903
30994
31017
31096
31110
31138
31155
31208
31238
31239
31310
31366
31464
31528
31604
31656
31729
31804
31867
31951
32001
32019
32069
32113
32116
32125
32170
32210
32287
32323
32350
32447
32469
32555
32583
32678
32773
32855
32885
32900
32964
33042
33114
33171
33200
33264
33276
33312
33331
33412
33473
33474
33499
33509
33602
33693
33750
33850
33895
33982
34028
34039
34101
34152
34161
34228
34323
34350
34391
34457
34485
34576
34642
34651
34703
34769
34856
34949
35035
35134
35171
35188
35278
35303
35354
35365
35390
35471
35529
35592
35674
35694
35782
35815
35889
35900
35972
36066
36071
36138
36173
36206
36259
36326
36387
36410
36475
36481
36510
36595
36598
36604
36642
36730
36810
36835
36882
36910
36955
36966
37039
37124
37150
37173
37196
37249
37314
37388
37476
37534
37536
37555
37637
37705
37718
37738
37759
37813
37832
37914
37934
37945
37995
38071
38111
38125
38196
38271
38292
38332
38340
38353
38381
38435
38534
38587
38676
38731
38806
38892
38948
39028
39056
39067
39149
39178
39220
39251
39325
39326
39338
39400
39449
39452
39486
39498
39520
39545
39555
39602
39647
39710
39752
39763
39848
39925
39990
40083
40158
40203
40233
40311
40361
40455
40475
40547
40614
40620
40645
40674
40702
40775
40792
40863
40929
40935
40998
41022
41105
41143
41170
41197
41231
41323
41382
41432
41512
41521
41531
41543
41627
41638
41705
41759
41845
41917
42012
42112
42145
42222
42263
42325
42424
42451
42458
42554
42569
42620
42698
42711
42785
42835
42895
42981
43043
43045
43057
43086
43130
43138
43168
43204
43264
43354
43452
43530
43539
43554
43564
43640
43696
43785
43803
43826
43866
43868
43911
43996
44057
44097
44194
44289
44381
44423
44430
44489
44543
44582
44679
44745
44761
44833
44908
44960
45039
45043
45128
45144
45212
45248
45253
45322
45364
45395
45459
45555
45564
45590
45614
45669
45752
45840
45847
45897
45954
45993
46059
46123
46167
46201
46294
46346
46443
46450
46522
46574
46665
46747
46843
46921
46998
47028
47124
47178
47255
47332
47364
47422
47511
47552
47644
47681
47748
47825
47908
48006
48076
48156
48185
48236
48241
48275
48350
48415
48496
48595
48632
48653
48701
48794
48868
48914
48995
49028
49085
49106
49168
49186
49264
49273
49295
49363
49369
49382
49449
49458
49477
49507
49515
49560
49586
49610
49617
49695
49698
49776
49832
