276
326
402
453
488
556
610
672
737
777
872
936
995
1027
1064
1149
1159
1228
1248
1329
1416
1469
1547
1595
1645
1685
1714
1758
1793
1890
1893
1945
1987
2014
2103
2135
2194
2224
2305
2367
2434
2478
2555
2604
2656
2686
2745
2772
2773
2797
2861
2872
2941
2968
3048
3051
3077
3127
3188
3281
3300
3304
3365
3392
3461
3475
3516
3587
3595
3599
3626
3677
3682
3735
3820
3868
3885
3945
3991
4014
4079
4111
4180
4200
4243
4315
4350
4408
4426
4505
4574
4613
4683
4757
4805
4806
4867
4950
4982
5044
5138
5192
5271
5311
5394
5462
5471
5527
5532
5574
5631
5661
5701
5704
5762
5834
5915
6000
6067
6151
6216
6304
6327
6371
6414
6458
6499
6599
6681
6713
6767
6847
6914
6984
7037
7128
7144
7233
7255
7300
7349
7391
7413
7449
7487
7522
7591
7603
7702
7747
7770
7772
7832
7880
7970
7991
8074
8146
8162
8194
8273
8284
8372
8383
8399
8485
8501
8573
8616
8622
8691
8777
8799
8813
8903
8930
9000
9056
9149
9213
9235
9333
9395
9460
9513
9535
9577
9652
9738
9812
9820
9847
9885
9926
9936
9967
9990
10090
10126
10181
10266
10277
10375
10381
10476
10494
10559
10614
10619
10694
10745
10784
10794
10878
10978
11049
11084
11178
11269
11361
11401
11434
11455
11518
11609
11615
11712
11725
11802
11824
11899
11905
11980
12015
12047
12086
12140
12190
12284
12303
12370
12396
12496
12534
12596
12642
12723
12760
12853
12887
12954
13013
13022
13121
13184
13260
13289
13302
13314
13366
13386
13433
13444
13509
13592
13628
13717
13751
13824
13901
13933
13990
14021
14112
14182
14274
14332
14409
14508
14531
14568
14575
14592
14656
14670
14770
14791
14864
14936
14999
15043
15054
15077
15150
15209
15278
15336
15406
15412
15459
15521
15525
15570
15655
15741
15814
15821
15836
15876
15884
15888
15978
16062
16094
16109
16145
16150
16250
16264
16267
16271
16335
16389
16398
16462
16546
16595
16670
16705
16804
16894
16909
16964
17027
17118
17170
17234
17332
17374
17453
17473
17542
17576
17600
17610
17645
17670
17741
17805
17889
17989
18063
18124
18127
18142
18161
18242
18328
18362
18409
18423
18442
18457
18542
18634
18669
18763
18818
18881
18906
18954
18956
19028
19095
19136
19224
19233
19281
19316
19410
19484
19554
19606
19662
19753
19806
19874
19964
19995
20012
20060
20061
20067
20160
20181
20250
20268
20304
20372
20450
20511
20538
20549
20635
20642
20712
20730
20815
20909
20950
20961
20968
21059
21084
21178
21212
21284
21346
21364
21382
21386
21473
21567
21655
21657
21663
21708
21740
21782
21863
21937
21980
22013
22027
22104
22161
22191
22282
22333
22376
22426
22438
22442
22496
22513
22582
22592
22664
22730
22752
22791
22850
22900
22915
23002
23012
23040
23058
23104
23110
23140
23167
23239
23243
23272
23338
23362
23461
23524
23553
23595
23688
23719
23800
23864
23948
24013
24057
24132
24211
24298
24384
24386
24417
24438
24445
24479
24577
24657
24659
24759
24851
24874
24947
25020
25073
25090
25173
25256
25304
25360
25419
25516
25568
25635
25675
25692
25749
25826
25913
25965
26023
26097
26110
26152
26228
26263
26361
26399
26489
26498
26583
26586
26597
26661
26692
26770
26829
26897
26959
26963
27022
27114
27129
27180
27253
27278
27316
27379
27478
27567
27629
27726
27760
27826
27870
27958
28044
28117
28162
28228
28308
28360
28449
28459
28477
28548
28609
28635
28730
28822
28848
28877
28921
28941
29041
29052
29120
29200
29208
29284
29358
29385
29427
29485
29491
29583
29632
29730
29826
29849
29939
30009
30093
30095
30173
30247
30308
30365
30462
30558
30631
30679
30709
30782
30789
30816
30818
30851
30885
30963
31043
31137
31237
31327
31361
31390
31428
31441
31468
31483
31521
31560
31570
31652
31736
31793
31869
31961
31980
32028
32097
32106
32128
32130
32230
32253
32346
32366
32369
32374
32434
32456
32534
32606
32632
32653
32732
32788
32801
32842
32942
32952
33042
33045
33060
33091
33116
33143
33152
33231
33250
33339
33394
33468
33490
33532
33537
33559
33608
33633
33635
33675
33747
33833
33914
33925
33976
33977
33978
34039
34079
34109
34167
34255
34329
34384
34459
34542
34593
34632
34729
34748
34820
34841
34855
34939
34954
35036
35110
35129
35173
35251
35340
35413
35492
35527
35534
35607
35707
35776
35804
35806
35864
35868
35896
35938
35981
36022
36029
36054
36130
36200
36232
36298
36321
36346
36436
36529
36557
36603
36630
36709
36761
36859
36910
36956
37010
37088
37172
37234
37298
37327
37352
37452
37493
37578
37647
37724
37767
37794
37876
37920
37960
37992
38018
38036
38094
38168
38250
38327
38419
38504
38516
38553
38590
38650
38674
38770
38843
38911
38995
39045
39081
39082
39090
39133
39194
39260
39287
39295
39345
39381
39389
39462
39527
39532
39568
39642
39719
39762
39790
39885
39982
39997
40064
40112
40194
40270
40351
40404
40430
40513
40584
40662
40677
40763
40801
40867
40945
41039
41045
41088
41157
41235
41318
41337
41352
41445
41488
41540
41558
41583
41640
41690
41702
41712
41807
41892
41927
42022
42111
42136
42229
42240
42262
42357
42407
42473
42488
42554
42589
42603
42687
42695
42729
42804
42873
42919
42938
43023
43082
43108
43112
43209
43295
43300
43389
43473
43523
43566
43611
43637
43707
43741
43790
43831
43856
43904
44000
44092
44172
44217
44252
44319
44385
44465
44558
44567
44611
44702
44706
44719
44752
44836
44886
44917
44936
45000
45092
45181
45240
45289
45303
45374
45382
45464
45489
45507
45558
45653
45729
45733
45791
45888
45974
46053
46074
46140
46205
46208
46245
46280
46364
46388
46469
46561
46613
46673
46734
46754
46812
46874
46958
47045
47104
47187
47218
47294
47354
47392
47415
47505
47551
47619
47633
47652
47732
47776
47805
47849
47923
47981
48060
48094
48115
48144
48222
48252
48256
48262
48275
48351
48395
48398
48459
48477
48529
48623
48690
48692
48784
48849
48917
48962
49034
49101
49141
49218
49242
49291
49361
49441
49466
49529
49568
49653
49736
49754
49769
49825
49924
49952
49998
50002
50058
50096
50189
50200
50288
50292
50343
50443
50468
50489
50519
50570
50617
50660
50672
50717
50754
50776
50824
50874
50949
51048
51142
51229
51270
