394
437
510
524
546
574
619
664
666
743
811
883
906
977
1060
1095
1123
1135
1148
1163
1203
1263
1308
1310
1342
1422
1458
1533
1561
1575
1661
1709
1733
1811
1824
1856
1919
1960
2003
2054
2073
2138
2220
2283
2362
2397
2482
2547
2594
2666
2727
2773
2843
2928
2976
3056
3058
3152
3249
3268
3358
3457
3459
3517
3591
3633
3705
3801
3870
3890
3936
4031
4104
4194
4244
4282
4356
4366
4396
4485
4565
4591
4607
4618
4646
4743
4757
4820
4905
4998
5077
5116
5180
5187
5232
5261
5290
5344
5359
5453
5463
5515
5606
5705
5729
5735
5765
5797
5863
5946
5969
5986
6012
6019
6059
6075
6174
6216
6287
6328
6424
6513
6576
6665
6706
6783
6823
6890
6906
6915
6967
7056
7150
7186
7270
7273
7334
7424
7468
7531
7555
7587
7658
7687
7690
7713
7716
7781
7826
7883
7977
8046
8067
8160
8245
8344
8394
8395
8399
8427
8527
8533
8608
8695
8767
8783
8849
8853
8857
8950
8951
8957
9035
9070
9147
9231
9281
9374
9393
9454
9479
9515
9520
9545
9567
9626
9724
9762
9819
9858
9955
10000
10014
10111
10151
10212
10272
10329
10357
10452
10510
10601
10690
10788
10886
10887
10956
10965
11037
11087
11102
11157
11213
11304
11377
11388
11472
11485
11497
11518
11582
11647
11683
11699
11731
11817
11832
11911
12000
12015
12033
12098
12193
12288
12338
12416
12510
12599
12647
12743
12770
12783
12864
12885
12946
12994
13015
13030
13107
13123
13171
13207
13299
13324
13417
13467
13527
13559
13626
13630
13639
13640
13677
13718
13764
13824
13919
13966
14043
14056
14091
14114
14169
14178
14217
14257
14325
14398
14466
14526
14597
14664
14728
14759
14787
14804
14889
14974
15052
15138
15154
15200
15297
15342
15414
15479
15489
15537
15600
15698
15735
15767
15813
15882
15930
16003
16034
16042
16107
16165
16222
16257
16288
16374
16411
16482
16582
16591
16604
16684
16754
16845
16854
16909
16934
16935
16971
16979
16985
17015
17030
17091
17154
17230
17308
17376
17423
17433
17476
17540
17588
17604
17636
17716
17769
17859
17864
17942
17971
18053
18058
18110
18146
18187
18216
18262
18309
18312
18399
18477
18496
18583
18654
18727
18786
18794
18884
18938
18946
19019
19056
19064
19081
19133
19195
19280
19369
19426
19478
19501
19539
19560
19598
19695
19748
19830
19894
19911
19944
19989
20046
20052
20096
20146
20225
20274
20314
20372
20413
20430
20449
20486
20529
20573
20632
20714
20724
20762
20827
20868
20939
20963
21051
21111
21123
21151
21231
21275
21324
21424
21474
21559
21601
21613
21685
21769
21817
21861
21875
21961
21963
21973
22061
22118
22143
22208
22252
22334
22388
22423
22475
22539
22622
22679
22749
22759
22782
22865
22961
23057
23130
23163
23200
23276
23307
23384
23403
23478
23497
23546
23643
23729
23814
23900
23943
23986
24007
24023
24036
24037
24069
24072
24098
24174
24265
24354
24356
24381
24465
24471
24516
24531
24576
24653
24678
24703
24744
24806
24872
24909
24956
25000
25081
25144
25238
25248
25271
25279
25367
25407
25462
25518
25601
25656
25671
25748
25812
25858
25911
25922
25987
26035
26081
26087
26117
26180
26213
26290
26342
26387
26438
26518
26549
26592
26619
26659
26742
26765
26775
26838
26924
26955
26963
27004
27039
27078
27157
27225
27321
27386
27396
27481
27536
27559
27581
27596
27628
27686
27748
27837
27902
27999
28032
28114
28126
28154
28223
28249
28270
28332
28348
28393
28462
28504
28596
28696
28718
28741
28788
28887
28923
28996
29096
29196
29242
29329
29405
29439
29474
29510
29580
29629
29689
29778
29866
29919
29992
30038
30064
30162
30251
30273
30334
30412
30490
30524
30591
30686
30752
30812
30834
30896
30937
30985
31066
31112
31117
31174
31232
31266
31354
31447
31526
31548
31576
31672
31741
31801
31821
31911
31948
31976
32048
32076
32176
32188
32239
32337
32361
32374
32442
32519
32526
32597
32685
32690
32693
32745
32800
32870
32924
32980
33040
33044
33100
33108
33112
33135
33156
33186
33216
33251
33289
33294
33301
33382
33477
33510
33528
33551
33633
33677
33730
33808
33879
33881
33891
33945
34021
34056
34103
34139
34171
34213
34281
34328
34395
34416
34438
34529
34552
34600
34686
34745
34750
34802
34861
34899
34985
35070
35139
35159
35189
35249
35254
35310
35355
35453
35480
35529
35608
35649
35677
35731
35767
35848
35882
35902
35980
36037
36052
36144
36196
36219
36309
36334
36341
36403
36416
36440
36524
36568
36569
36629
36668
36675
36727
36728
36731
36779
36855
36915
36945
36967
36968
37007
37023
37080
37109
37127
37225
37268
37348
37399
37425
37430
37490
37547
37560
37564
37656
37732
37815
37865
37938
37954
37960
37968
38005
38067
38084
38095
38137
38158
38197
38243
38291
38352
38436
38478
38560
38561
38661
38663
38679
38771
38795
38815
38851
38921
38973
39000
39044
39134
39175
39191
39266
39304
39309
39346
39436
39440
39506
39521
39603
39676
39736
39764
39844
39872
39896
39953
39997
40087
40157
40247
40258
40334
40410
40507
40533
40627
40650
40728
40740
40741
40794
40816
40912
40988
41084
41160
41226
41264
41280
41294
41360
41439
41525
41593
41650
41677
41697
41784
41871
41897
41953
42048
42050
42123
42187
42211
42252
42335
42408
42447
42463
42501
42564
42600
42695
42718
42766
42833
42843
42883
42911
42939
42947
42960
42999
43033
43085
43096
43111
43161
43182
43269
43318
43352
43389
43470
43539
43611
43700
43793
43886
43906
43961
43967
44002
44082
44099
44174
44205
44255
44319
44393
44403
44461
44512
44580
44624
44688
44760
44849
44906
44935
45026
45073
45077
45158
45248
45343
45403
45490
45535
45579
45645
45659
45755
45800
45805
45823
45848
45922
45954
45974
46020
46093
46147
46233
46262
46328
46413
46477
46507
46589
46634
46711
46778
46878
46902
46929
47016
47066
47119
47130
47200
47236
47268
47360
47380
47477
47540
47604
47618
47650
47663
47741
47806
47836
47900
47981
48034
48132
48161
48238
48280
48296
48320
48389
48395
48438
48459
48509
48511
48605
48657
48743
48769
48848
48860
48879
48959
48994
49032
49119
49156
49246
49258
49310
49314
49326
49391
49441
49473
49495
49505
49587
49679
49735
49768
49800
49882
49896
49972
50011
50072
50123
