509
521
535
565
624
710
805
823
901
929
937
1034
1091
1101
1143
1144
1244
1325
1369
1468
1476
1491
1509
1597
1599
1635
1668
1741
1809
1905
1953
1954
2013
2093
2110
2188
2223
2316
2400
2433
2451
2525
2606
2690
2703
2800
2878
2946
2996
3064
3134
3184
3279
3288
3369
3466
3470
3525
3621
3713
3790
3808
3820
3911
4008
4084
4144
4239
4279
4357
4421
4516
4615
4639
4671
4712
4799
4872
4960
4982
5075
5109
5209
5217
5269
5328
5357
5455
5475
5482
5573
5620
5678
5777
5783
5798
5844
5894
5926
6021
6046
6110
6192
6221
6289
6304
6335
6376
6403
6447
6545
6559
6649
6748
6840
6925
7023
7037
7119
7142
7218
7286
7315
7317
7341
7390
7436
7498
7543
7621
7648
7717
7766
7807
7896
7944
8044
8076
8128
8135
8179
8270
8340
8426
8441
8472
8545
8612
8673
8684
8783
8793
8838
8926
8959
9025
9060
9086
9142
9160
9179
9215
9220
9234
9286
9344
9381
9424
9493
9565
9641
9736
9751
9788
9873
9933
9965
10018
10069
10093
10137
10178
10185
10198
10232
10316
10363
10442
10450
10493
10584
10673
10675
10771
10781
10818
10845
10906
10952
11027
11060
11158
11162
11235
11314
11392
11473
11562
11572
11619
11714
11736
11819
11914
11973
12007
12082
12174
12248
12292
12312
12348
12354
12450
12471
12567
12584
12608
12658
12742
12773
12842
12858
12872
12896
12912
13010
13069
13154
13240
13264
13353
13372
13445
13524
13537
13598
13605
13656
13728
13756
13778
13873
13919
13933
14013
14064
14137
14210
14305
14318
14368
14435
14499
14523
14610
14671
14686
14702
14767
14816
14857
14877
14917
14996
15029
15078
15174
15267
15328
15409
15428
15491
15527
15536
15579
15609
15616
15696
15795
15853
15945
15960
15964
16058
16067
16114
16132
16167
16260
16321
16352
16368
16437
16505
16544
16550
16615
16626
16666
16718
16753
16785
16850
16909
16934
16947
16957
16972
17069
17086
17171
17224
17230
17287
17324
17358
17449
17532
17559
17586
17609
17658
17663
17723
17793
17849
17925
17929
18027
18117
18157
18172
18177
18275
18329
18364
18441
18459
18473
18570
18610
18674
18685
18720
18765
18767
18818
18916
18981
19066
19149
19218
19220
19239
19330
19346
19432
19440
19453
19539
19620
19718
19795
19814
19879
19947
19985
20041
20138
20231
20278
20280
20348
20420
20450
20532
20553
20590
20596
20662
20745
20833
20901
20990
21004
21005
21077
21150
21151
21175
21225
21290
21339
21412
21416
21458
21503
21524
21611
21694
21727
21820
21825
21832
21918
21947
22024
22028
22045
22097
22140
22239
22295
22330
22361
22362
22383
22406
22475
22518
22524
22530
22587
22675
22680
22719
22772
22872
22875
22944
23033
23115
23149
23225
23246
23313
23345
23368
23377
23405
23465
23512
23545
23599
23699
23717
23770
23774
23827
23865
23924
23981
23987
24028
24037
24067
24070
24151
24236
24263
24347
24376
24415
24476
24537
24593
24656
24746
24791
24823
24922
24970
25061
25114
25128
25141
25190
25205
25298
25330
25412
25413
25508
25568
25579
25617
25624
25716
25743
25769
25833
25932
25958
26004
26061
26080
26171
26216
26301
26400
26479
26511
26531
26541
26589
26622
26678
26743
26824
26923
26976
26981
27003
27050
27097
27146
27173
27179
27200
27216
27303
27372
27381
27388
27423
27491
27583
27628
27694
27737
27825
27830
27924
27971
27978
27983
28046
28069
28085
28157
28210
28235
28238
28308
28381
28394
28440
28518
28574
28579
28653
28714
28742
28814
28880
28963
29040
29076
29086
29182
29253
29335
29378
29430
29478
29480
29577
29651
29660
29738
29776
29868
29891
29906
29930
29937
29999
30094
30192
30274
30363
30420
30494
30523
30556
30608
30707
30763
30834
30902
30923
30999
31011
31087
31151
31169
31256
31306
31370
31394
31403
31474
31481
31550
31644
31685
31777
31786
31789
31878
31954
32052
32117
32142
32200
32299
32361
32364
32425
32462
32485
32511
32512
32591
32606
32645
32720
32786
32837
32886
32903
32927
32953
32958
32979
33059
33153
33181
33231
33311
33379
33451
33473
33544
33579
33654
33672
33750
33774
33786
33856
33933
34009
34105
34111
34122
34143
34243
34314
34333
34379
34435
34517
34544
34640
34661
34755
34830
34905
34951
34955
34997
35087
35162
35181
35196
35275
35325
35326
35347
35444
35497
35584
35660
35740
35807
35861
35908
35952
36029
36112
36124
36193
36229
36290
36343
36443
36533
36564
36628
36720
36803
36883
36959
36984
37084
37131
37175
37262
37351
37410
37455
37480
37534
37571
37663
37740
37818
37899
37950
37973
38033
38078
38110
38202
38243
38336
38398
38448
38455
38459
38505
38544
38574
38667
38698
38705
38727
38752
38840
38853
38945
39011
39036
39094
39183
39201
39287
39332
39350
39361
39427
39473
39485
39513
39526
39534
39632
39668
39689
39773
39784
39793
39876
39969
40050
40072
40100
40168
40189
40289
40342
40402
40494
40520
40551
40619
40625
40721
40750
40836
40926
40986
40997
41033
41106
41169
41214
41251
41351
41380
41397
41459
41526
41576
41611
41678
41739
41752
41824
41859
41958
42050
42090
42185
42267
42320
42363
42415
42507
42575
42627
42681
42762
42853
42860
42924
42926
42966
42980
43059
43065
43155
43213
43265
43274
43301
43307
43363
43452
43541
43639
43680
43737
43794
43835
43901
43991
44040
44054
44060
44112
44206
44250
44332
44432
44492
44499
44575
44601
44655
44675
44728
44785
44848
44882
44956
45027
45116
45215
45234
45241
45298
45376
45418
45430
45503
45581
45629
45726
45790
45821
45908
45977
46012
46026
46093
46159
46251
46344
46410
46507
46524
46573
46631
46656
46657
46670
46688
46739
46779
46839
46850
46905
46937
46943
46967
46993
47025
47104
47131
47204
47221
47280
47310
47314
47326
47371
47444
47501
47555
47639
47680
47712
47804
47873
47935
48005
48085
48133
48171
48210
48244
48255
48338
48389
48486
48508
48530
48577
48590
48689
48761
48850
48892
48909
48982
49028
49042
49043
49065
49086
49142
49178
49207
49255
49275
49353
49390
49440
49509
49519
49541
49604
49694
49772
49824
49858
49924
49935
50027
50039
50051
50132
50143
50226
50305
50346
50403
50473
50490
50510
50589
50604
50646
50706
50741
50765
50799
50801
50836
50882
50962
50984
51008
51089
51104
51122
51180
