762
828
902
957
984
994
1025
1098
1114
1127
1169
1262
1310
1404
1482
1552
1635
1703
1735
1775
1829
1917
1932
2007
2078
2097
2180
2204
2209
2254
2339
2378
2388
2410
2420
2433
2481
2566
2605
2681
2690
2702
2790
2793
2794
2862
2872
2923
2991
3084
3111
3140
3149
3163
3244
3298
3305
3309
3388
3439
3470
3544
3577
3611
3614
3694
3738
3818
3882
3965
3990
4046
4060
4138
4185
4239
4267
4327
4426
4438
4537
4607
4664
4751
4768
4811
4903
4909
4929
4931
5006
5016
5036
5113
5120
5161
5235
5309
5392
5399
5478
5532
5568
5646
5720
5736
5787
5801
5810
5881
5921
6005
6038
6107
6152
6249
6327
6334
6345
6424
6460
6540
6582
6648
6715
6757
6843
6936
6955
6995
7026
7101
7159
7163
7243
7340
7421
7478
7512
7604
7693
7718
7814
7853
7896
7935
8008
8089
8142
8232
8296
8316
8353
8383
8404
8496
8507
8515
8533
8620
8674
8760
8796
8852
8858
8874
8968
9048
9056
9127
9188
9227
9251
9289
9335
9348
9366
9386
9437
9534
9542
9545
9635
9706
9756
9771
9781
9877
9917
9940
10025
10124
10222
10232
10273
10291
10316
10337
10373
10434
10488
10541
10587
10596
10637
10708
10743
10802
10890
10966
10976
11058
11086
11170
11228
11290
11315
11383
11476
11532
11568
11625
11631
11692
11754
11773
11854
11941
12031
12088
12145
12196
12247
12249
12260
12289
12375
12399
12454
12547
12598
12652
12729
12795
12804
12837
12854
12860
12900
12933
13026
13088
13130
13143
13206
13292
13340
13429
13486
13540
13591
13634
13653
13747
13836
13840
13875
13949
13979
14031
14096
14169
14196
14235
14250
14264
14299
14380
14470
14483
14550
14584
14611
14661
14709
14767
14838
14874
14956
14978
15062
15102
15136
15159
15182
15191
15207
15240
15283
15308
15375
15429
15452
15506
15545
15643
15687
15689
15725
15738
15741
15757
15831
15907
15923
15978
16009
16103
16195
16224
16261
16275
16302
16384
16434
16452
16460
16507
16508
16579
16582
16618
16696
16784
16852
16915
16973
16979
17045
17144
17177
17211
17266
17273
17324
17336
17408
17434
17505
17518
17602
17673
17707
17726
17751
17763
17779
17780
17866
17927
18001
18101
18165
18235
18239
18280
18336
18389
18460
18541
18619
18658
18691
18748
18776
18834
18858
18946
19026
19087
19179
19190
19215
19273
19308
19334
19335
19413
19436
19503
19565
19616
19644
19729
19745
19760
19820
19862
19947
20008
20010
20078
20106
20197
20239
20284
20364
20386
20402
20469
20551
20612
20709
20738
20798
20848
20876
20891
20969
20990
21053
21117
21156
21191
21243
21311
21387
21403
21491
21573
21635
21723
21789
21796
21825
21876
21925
21959
21962
22054
22083
22092
22173
22267
22284
22383
22436
22449
22509
22539
22594
22681
22767
22823
22861
22906
22930
22989
23068
23148
23164
23193
23228
23281
23358
23458
23498
23564
23598
23647
23657
23754
23813
23820
23893
23992
24091
24137
24237
24263
24352
24408
24500
24573
24602
24671
24771
24808
24854
24946
25032
25117
25157
25215
25292
25354
25409
25492
25517
25518
25522
25534
25601
25664
25745
25782
25852
25854
25861
25900
25963
26009
26101
26109
26148
26170
26206
26298
26306
26320
26415
26472
26483
26525
26559
26659
26695
26729
26804
26833
26851
26909
26974
27060
27125
27224
27287
27343
27357
27381
27456
27538
27573
27602
27651
27690
27691
27728
27739
27768
27846
27894
27920
27951
27974
27993
28012
28111
28197
28291
28352
28437
28438
28534
28581
28671
28768
28810
28905
28925
29020
29025
29089
29175
29194
29213
29311
29366
29427
29444
29512
29565
29645
29706
29752
29761
29836
29895
29969
30015
30053
30060
30134
30195
30288
30331
30409
30413
30495
30543
30557
30619
30671
30749
30782
30817
30914
30977
31062
31064
31104
31168
31265
31321
31355
31416
31515
31544
31591
31638
31713
31772
31828
31927
31976
32049
32117
32189
32197
32226
32252
32349
32379
32381
32406
32453
32505
32562
32569
32627
32642
32723
32803
32878
32965
33013
33092
33191
33222
33257
33339
33349
33372
33407
33491
33515
33604
33630
33676
33768
33829
33917
33959
33990
34087
34159
34175
34268
34343
34442
34453
34463
34511
34548
34627
34699
34796
34806
34837
34917
34932
35004
35051
35143
35144
35174
35273
35322
35365
35393
35426
35454
35536
35619
35628
35703
35733
35811
35887
35897
35923
35942
35948
35990
36014
36026
36073
36111
36145
36245
36337
36367
36459
36488
36493
36560
36629
36717
36813
36845
36912
36979
37012
37035
37087
37129
37177
37201
37255
37313
37364
37438
37439
37458
37540
37545
37599
37615
37664
37683
37690
37748
37829
37922
37937
38001
38078
38176
38254
38262
38301
38350
38435
38462
38540
38632
38666
38681
38696
38762
38852
38906
38951
39043
39131
39222
39258
39344
39419
39506
39578
39656
39683
39739
39769
39811
39853
39868
39900
39958
40029
40101
40147
40176
40177
40185
40240
40319
40337
40408
40417
40475
40518
40614
40701
40702
40780
40876
40942
40969
40999
41075
41080
41129
41211
41287
41326
41358
41372
41383
41431
41519
41601
41626
41687
41742
41834
41906
41915
41965
42049
42118
42218
42307
42395
42431
42435
42501
42507
42573
42581
42667
42692
42752
42832
42920
42998
43052
43118
43166
43190
43200
43243
43308
43359
43445
43506
43578
43628
43671
43770
43849
43938
44010
44019
44090
44105
44157
44196
44205
44265
44335
44362
44450
44550
44570
44573
44656
44740
44826
44926
44999
45070
45087
45137
45224
45321
45410
45436
45449
45546
45551
45631
45644
45707
45800
45897
45937
45982
46048
46122
46177
46252
46340
46401
46490
46558
46646
46652
46685
46712
46767
46861
46923
47019
47037
47133
47191
47258
47339
47410
47443
47454
47543
47568
47576
47619
47635
47711
47797
47833
47887
47896
47906
47978
48014
48027
48122
48171
48245
48325
48351
48376
48474
48564
48654
48727
48755
48843
48844
48937
49028
49033
49043
49102
49129
49200
49299
49357
49421
49441
49516
49583
49642
49706
49744
49834
49862
49877
49907
49964
50032
50103
50149
50198
50272
50291
50302
50400
50421
50511
50534
50609
50703
50718
50786
50852
50929
50975
51055
51151
51201
51248
51299
51319
51388
51425
51451
51453
51538
51574
51575
51624
51637
51647
51710
51787
51789
51824
51826
