708
754
803
818
826
841
894
904
954
1027
1036
1038
1070
1074
1151
1241
1320
1340
1377
1471
1529
1572
1614
1682
1759
1796
1800
1893
1900
1919
1925
1958
2033
2062
2087
2174
2186
2238
2262
2276
2371
2404
2432
2502
2550
2631
2728
2732
2795
2821
2846
2873
2874
2919
2921
2950
2962
3015
3113
3180
3270
3299
3394
3454
3492
3538
3559
3657
3701
3750
3776
3860
3872
3905
3948
4008
4014
4019
4025
4032
4084
4116
4159
4236
4260
4309
4403
4497
4569
4623
4692
4749
4798
4848
4928
4972
4993
5032
5126
5214
5266
5282
5362
5440
5522
5616
5633
5722
5789
5807
5907
5908
5922
5970
5980
5995
5996
6083
6164
6199
6292
6304
6390
6454
6486
6530
6597
6603
6702
6771
6783
6820
6916
6919
6940
7040
7132
7175
7198
7279
7355
7356
7391
7410
7440
7450
7536
7598
7637
7653
7714
7760
7841
7903
7948
8010
8024
8075
8142
8239
8249
8301
8338
8402
8465
8538
8599
8632
8687
8715
8807
8867
8888
8986
9023
9094
9109
9194
9241
9249
9256
9270
9328
9369
9416
9420
9451
9468
9485
9512
9548
9632
9668
9744
9794
9869
9878
9978
9987
10006
10075
10076
10109
10164
10200
10268
10270
10328
10330
10371
10470
10534
10616
10677
10748
10794
10881
10920
10991
11015
11108
11159
11254
11282
11328
11393
11456
11553
11606
11654
11719
11780
11820
11863
11953
11998
12011
12052
12067
12078
12085
12126
12187
12285
12357
12409
12481
12490
12554
12581
12616
12708
12807
12858
12930
12958
13038
13130
13143
13147
13198
13262
13318
13389
13452
13453
13472
13486
13537
13551
13587
13682
13774
13869
13904
13931
13954
13983
14060
14106
14187
14203
14213
14252
14301
14356
14400
14427
14492
14501
14518
14588
14686
14729
14813
14913
14966
15002
15040
15069
15087
15135
15224
15287
15383
15439
15525
15571
15598
15610
15642
15721
15811
15864
15912
15987
16069
16104
16168
16177
16220
16228
16300
16315
16389
16462
16560
16568
16628
16682
16720
16723
16817
16844
16846
16858
16919
16992
17034
17090
17153
17184
17284
17295
17371
17380
17473
17534
17552
17567
17573
17630
17676
17688
17758
17790
17810
17885
17892
17964
17994
18080
18090
18099
18173
18219
18225
18244
18253
18281
18346
18424
18449
18481
18565
18645
18650
18712
18737
18744
18833
18850
18887
18956
19053
19057
19092
19176
19236
19262
19264
19273
19332
19363
19419
19457
19498
19535
19577
19589
19659
19663
19740
19804
19837
19931
19951
20013
20065
20117
20142
20181
20270
20340
20431
20505
20510
20594
20655
20706
20752
20797
20837
20915
20970
21065
21137
21187
21231
21289
21334
21344
21369
21374
21426
21507
21527
21577
21600
21663
21750
21826
21903
21917
21943
21975
22054
22104
22180
22232
22233
22250
22259
22331
22418
22471
22496
22582
22661
22675
22699
22771
22849
22890
22919
22990
23050
23125
23164
23181
23182
23264
23318
23344
23402
23482
23556
23563
23649
23677
23749
23808
23810
23901
23968
24021
24043
24138
24228
24291
24311
24370
24411
24446
24475
24528
24543
24579
24636
24707
24732
24794
24822
24902
24976
24999
25052
25094
25182
25271
25354
25370
25452
25528
25562
25608
25611
25680
25683
25764
25824
25838
25909
25942
25983
26013
26052
26130
26141
26233
26322
26415
26512
26546
26624
26650
26671
26702
26773
26853
26930
27017
27032
27055
27110
27181
27205
27212
27247
27271
27351
27398
27447
27540
27578
27619
27670
27737
27812
27837
27862
27902
27981
28032
28131
28201
28257
28310
28366
28429
28515
28567
28576
28635
28676
28717
28815
28903
28942
28994
29021
29113
29138
29202
29232
29257
29349
29366
29378
29426
29433
29451
29535
29546
29602
29682
29704
29794
29875
29913
30010
30036
30118
30186
30220
30279
30282
30353
30355
30450
30535
30578
30580
30630
30634
30694
30762
30814
30844
30863
30921
30999
31079
31117
31152
31192
31243
31304
31344
31386
31478
31497
31516
31602
31672
31716
31765
31843
31894
31953
32028
32084
32095
32172
32207
32279
32299
32341
32345
32428
32487
32490
32583
32670
32703
32779
32812
32856
32924
33020
33097
33099
33112
33155
33204
33263
33315
33404
33454
33462
33492
33537
33585
33590
33613
33666
33725
33820
33875
33938
33941
34007
34051
34143
34208
34228
34274
34366
34372
34391
34462
34556
34570
34645
34704
34773
34785
34801
34881
34906
34958
35046
35071
35098
35131
35189
35263
35356
35380
35462
35540
35630
35632
35722
35778
35794
35821
35881
35895
35922
35997
36093
36105
36198
36276
36366
36372
36390
36476
36515
36540
36576
36595
36635
36712
36751
36817
36858
36930
37015
37024
37067
37124
37169
37268
37367
37386
37475
37500
37594
37671
37700
37775
37813
37853
37916
37950
37972
38030
38050
38123
38201
38210
38258
38326
38331
38379
38431
38457
38478
38552
38651
38687
38693
38702
38777
38784
38877
38884
38913
38964
39004
39072
39075
39147
39168
39241
39308
39334
39350
39428
39442
39525
39599
39616
39715
39792
39794
39855
39906
39920
40004
40102
40155
40215
40248
40313
40359
40440
40509
40589
40608
40680
40709
40757
40852
40898
40978
41029
41055
41072
41139
41207
41220
41227
41240
41322
41346
41432
41525
41574
41649
41682
41728
41745
41806
41880
41961
42038
42090
42101
42142
42165
42179
42222
42319
42348
42352
42400
42418
42516
42609
42638
42692
42759
42829
42855
42907
42954
43032
43118
43207
43242
43257
43326
43379
43397
43434
43436
43477
43576
43595
43692
43775
43790
43848
43943
44029
44126
44193
44217
44282
44360
44453
44548
44648
44728
44792
44851
44896
44917
44989
45084
45096
45149
45197
45214
45264
45318
45371
45403
45492
45543
45562
45641
45707
45749
45822
45826
45872
45892
45979
46032
46066
46123
46219
46267
46352
46392
46453
46498
46513
46610
46678
46724
46813
46887
46891
46976
46979
47027
47045
47087
47123
47197
47218
47295
47300
47376
47407
47473
47551
47605
47642
47705
47773
47865
47891
47894
47967
48029
48062
48109
48190
48230
48294
48345
48352
48388
48424
48502
48584
48663
48680
48767
48790
48872
48900
48982
48999
49064
49143
49218
49219
49312
49412
49430
49444
49506
49531
49601
49649
49728
49783
49836
49857
49919
50007
50080
50134
50175
50252
50269
50276
50322
50359
50367
50405
50451
50464
