935
988
1017
1106
1178
1243
1331
1401
1450
1521
1523
1612
1703
1738
1788
1810
1882
1964
1978
2063
2113
2131
2160
2236
2270
2307
2329
2383
2422
2460
2476
2573
2590
2621
2720
2765
2815
2897
2938
3029
3047
3071
3157
3171
3200
3255
3329
3333
3348
3419
3456
3526
3534
3633
3706
3806
3807
3869
3873
3932
3977
4076
4146
4162
4210
4282
4288
4335
4344
4369
4418
4440
4447
4468
4530
4552
4616
4693
4699
4711
4755
4804
4865
4937
4977
5003
5094
5178
5234
5282
5295
5299
5314
5383
5435
5463
5535
5577
5599
5636
5656
5726
5814
5870
5928
5958
6056
6110
6189
6226
6250
6318
6340
6440
6510
6572
6620
6669
6724
6798
6812
6881
6926
7020
7045
7137
7179
7252
7278
7332
7370
7454
7459
7473
7571
7642
7729
7815
7823
7824
7898
7925
7987
8032
8113
8170
8190
8244
8301
8363
8454
8541
8592
8677
8693
8726
8751
8812
8865
8877
8900
8968
9039
9086
9158
9160
9247
9313
9332
9408
9421
9513
9561
9566
9622
9698
9699
9747
9841
9881
9890
9891
9958
10049
10148
10176
10232
10310
10368
10394
10491
10518
10531
10572
10620
10644
10735
10752
10789
10886
10954
11027
11029
11082
11092
11142
11187
11222
11263
11329
11419
11438
11475
11504
11548
11550
11619
11686
11779
11808
11812
11905
11949
11989
12047
12132
12195
12243
12296
12298
12381
12394
12457
12552
12651
12746
12840
12933
12989
13035
13049
13059
13152
13182
13204
13232
13313
13371
13394
13494
13523
13616
13715
13775
13867
13870
13902
13926
13931
13961
14034
14095
14161
14243
14306
14371
14407
14424
14477
14514
14565
14654
14689
14764
14834
14912
14960
14996
15027
15119
15173
15223
15267
15313
15371
15411
15508
15529
15576
15670
15746
15793
15800
15870
15892
15926
15981
16027
16052
16092
16186
16189
16194
16259
16342
16395
16408
16502
16566
16643
16658
16675
16749
16785
16839
16886
16923
16986
17008
17039
17053
17077
17140
17235
17329
17378
17464
17505
17506
17583
17600
17697
17734
17760
17850
17913
17923
18000
18024
18063
18110
18124
18128
18133
18178
18227
18262
18264
18328
18376
18422
18460
18540
18573
18623
18656
18676
18685
18708
18803
18885
18964
18997
19050
19113
19118
19164
19251
19284
19333
19364
19386
19430
19489
19504
19588
19683
19705
19734
19758
19780
19857
19894
19945
19982
20043
20092
20165
20183
20282
20328
20396
20436
20474
20541
20568
20657
20747
20758
20767
20774
20812
20876
20964
21049
21070
21154
21213
21276
21294
21295
21383
21403
21404
21482
21563
21607
21674
21698
21774
21857
21925
21986
21988
22072
22073
22116
22207
22216
22229
22318
22395
22471
22485
22513
22548
22600
22625
22632
22724
22820
22900
22959
22988
23023
23068
23085
23128
23143
23183
23240
23340
23430
23502
23528
23601
23602
23671
23702
23734
23825
23905
23966
24022
24086
24177
24247
24289
24325
24369
24413
24463
24554
24611
24637
24698
24775
24781
24791
24814
24815
24832
24929
25013
25064
25097
25144
25234
25300
25352
25432
25480
25569
25664
25728
25799
25828
25928
26017
26042
26077
26104
26130
26151
26162
26173
26205
26260
26282
26371
26438
26491
26498
26537
26550
26558
26564
26617
26661
26748
26799
26895
26960
27036
27130
27202
27215
27301
27341
27365
27366
27457
27470
27479
27486
27514
27591
27672
27696
27738
27819
27849
27866
27936
28020
28074
28144
28172
28232
28279
28341
28411
28445
28538
28556
28575
28636
28727
28804
28871
28918
29002
29081
29102
29112
29128
29173
29190
29220
29287
29303
29375
29441
29452
29481
29525
29532
29609
29694
29770
29859
29900
29994
30016
30021
30067
30116
30155
30248
30308
30353
30435
30454
30533
30550
30590
30685
30727
30765
30842
30886
30922
30991
31058
31158
31220
31247
31341
31364
31410
31424
31435
31527
31590
31626
31694
31749
31754
31837
31909
31920
32013
32034
32118
32195
32283
32285
32299
32357
32442
32456
32549
32554
32642
32655
32661
32724
32754
32831
32887
32976
32985
33000
33072
33136
33211
33258
33317
33394
33477
33568
33606
33612
33660
33706
33803
33837
33916
33922
33989
34030
34070
34128
34196
34225
34278
34338
34385
34440
34469
34488
34551
34602
34629
34634
34667
34758
34850
34912
34983
35023
35033
35105
35196
35205
35230
35240
35339
35429
35473
35546
35618
35642
35742
35763
35765
35855
35924
35963
35981
36057
36077
36156
36216
36282
36353
36423
36441
36453
36546
36637
36667
36698
36774
36781
36825
36900
36913
36990
37088
37168
37266
37333
37372
37384
37427
37433
37488
37526
37537
37636
37709
37758
37836
37910
38008
38061
38105
38136
38194
38290
38370
38376
38403
38494
38522
38560
38650
38737
38806
38850
38908
38935
38969
39038
39068
39083
39183
39265
39323
39346
39376
39387
39465
39536
39597
39681
39751
39797
39830
39882
39906
39958
40015
40046
40138
40171
40248
40282
40377
40396
40495
40560
40588
40613
40695
40789
40799
40808
40839
40930
40937
41010
41098
41177
41196
41265
41267
41282
41315
41365
41407
41431
41522
41537
41585
41639
41698
41717
41748
41782
41815
41829
41862
41865
41953
42027
42075
42117
42125
42164
42192
42278
42364
42429
42514
42593
42621
42679
42757
42797
42876
42911
42975
43020
43032
43116
43154
43211
43280
43373
43402
43478
43491
43496
43584
43609
43704
43741
43770
43838
43855
43873
43890
43957
43967
43972
44035
44085
44162
44232
44240
44307
44354
44412
44493
44572
44645
44726
44731
44814
44879
44898
44973
45050
45138
45140
45152
45242
45259
45337
45381
45474
45537
45579
45679
45774
45827
45922
45962
45990
46012
46093
46120
46178
46210
46213
46292
46382
46457
46467
46522
46597
46618
46718
46797
46825
46919
46941
46957
46997
47075
47119
47189
47231
47322
47383
47413
47503
47591
47605
47622
47623
47675
47719
47800
47805
47866
47904
47917
48004
48101
48175
48231
48260
48274
48358
48404
48438
48535
48580
48653
48688
48690
48701
48743
48797
48847
48887
48891
48941
48991
49064
49117
49197
49290
49375
49465
49524
49554
49588
49607
49702
49802
49866
49910
49966
49972
49993
50080
50111
50133
50209
50288
50323
50382
50412
50502
50531
50562
50587
50687
50692
50770
50802
50870
50883
50889
50950
50978
51023
51059
51098
51105
51117
51127
51196
51258
51265
51338
