952
1047
1130
1216
1290
1317
1346
1429
1520
1572
1654
1662
1708
1776
1856
1915
1947
1998
2056
2083
2150
2204
2248
2289
2366
2459
2482
2487
2535
2617
2689
2730
2822
2914
2920
2961
3001
3075
3172
3201
3253
3301
3365
3446
3500
3533
3620
3690
3764
3824
3913
3961
3966
3987
4078
4120
4188
4195
4197
4241
4309
4326
4385
4485
4524
4571
4607
4700
4791
4876
4895
4970
5015
5112
5207
5301
5352
5411
5486
5489
5570
5585
5596
5622
5644
5731
5790
5836
5909
5913
6011
6101
6102
6164
6187
6201
6245
6301
6324
6349
6376
6441
6503
6510
6578
6614
6698
6700
6722
6774
6846
6862
6896
6912
7009
7101
7149
7243
7275
7320
7359
7380
7474
7493
7587
7621
7710
7808
7839
7889
7932
7956
8029
8034
8073
8167
8228
8291
8312
8369
8377
8391
8426
8450
8476
8481
8552
8608
8661
8695
8766
8856
8879
8886
8954
8964
9021
9043
9099
9135
9188
9236
9280
9376
9456
9537
9608
9703
9713
9745
9811
9849
9871
9917
9951
10013
10036
10052
10111
10192
10214
10273
10356
10435
10491
10525
10529
10581
10595
10616
10629
10632
10684
10744
10790
10796
10836
10910
11004
11083
11087
11108
11194
11228
11293
11325
11350
11441
11516
11569
11593
11669
11749
11752
11838
11874
11971
12000
12043
12111
12113
12145
12192
12277
12362
12396
12434
12485
12543
12593
12683
12778
12858
12912
13001
13036
13093
13176
13233
13332
13379
13442
13485
13517
13551
13590
13679
13748
13778
13868
13882
13920
13948
13980
14002
14074
14076
14092
14093
14136
14172
14251
14295
14296
14304
14380
14406
14414
14508
14531
14582
14673
14731
14740
14751
14761
14814
14914
14989
15072
15113
15122
15202
15261
15313
15346
15367
15409
15503
15544
15546
15634
15706
15738
15786
15838
15841
15843
15896
15929
16002
16052
16078
16107
16179
16258
16274
16285
16327
16376
16442
16536
16573
16618
16666
16761
16860
16944
17013
17031
17111
17139
17154
17223
17262
17324
17399
17497
17537
17610
17649
17680
17720
17816
17880
17912
18008
18046
18069
18162
18220
18291
18337
18362
18406
18489
18583
18671
18743
18772
18859
18944
19004
19056
19115
19147
19232
19324
19388
19395
19474
19544
19570
19593
19680
19737
19817
19834
19899
19919
19981
20080
20175
20182
20259
20291
20296
20304
20328
20383
20437
20517
20522
20560
20647
20728
20824
20843
20924
21023
21056
21121
21138
21189
21227
21309
21335
21389
21400
21457
21544
21589
21610
21632
21653
21669
21766
21834
21922
22005
22026
22067
22149
22228
22320
22419
22482
22551
22618
22654
22731
22762
22861
22953
23001
23014
23027
23079
23112
23121
23172
23232
23249
23256
23347
23405
23416
23434
23528
23599
23631
23710
23805
23820
23897
23965
23997
24081
24124
24207
24280
24352
24450
24465
24515
24580
24653
24663
24740
24752
24770
24836
24897
24898
24978
24990
25077
25082
25114
25121
25190
25195
25267
25271
25353
25377
25427
25513
25604
25609
25633
25732
25807
25844
25926
26018
26031
26125
26197
26205
26231
26320
26393
26403
26463
26477
26521
26592
26671
26771
26810
26885
26909
26921
26975
27059
27129
27187
27271
27363
27378
27406
27468
27557
27588
27646
27732
27821
27903
27904
27975
28051
28065
28109
28177
28191
28284
28330
28407
28472
28562
28626
28653
28656
28661
28732
28755
28831
28863
28931
28955
29034
29081
29148
29239
29325
29390
29478
29516
29564
29612
29650
29717
29718
29772
29845
29896
29914
30007
30107
30193
30269
30367
30406
30471
30538
30596
30620
30644
30698
30722
30739
30761
30847
30928
30964
30992
31027
31043
31142
31144
31210
31211
31242
31314
31337
31347
31433
31486
31530
31630
31636
31736
31796
31846
31859
31954
32002
32074
32159
32248
32288
32387
32407
32451
32494
32556
32561
32621
32659
32667
32678
32726
32777
32838
32889
32893
32985
33054
33137
33215
33233
33330
33422
33438
33501
33544
33567
33639
33703
33722
33789
33822
33845
33938
34000
34095
34166
34230
34244
34266
34293
34365
34427
34441
34456
34469
34513
34597
34665
34680
34752
34821
34914
34953
34978
35007
35020
35030
35108
35147
35188
35202
35207
35226
35271
35365
35464
35519
35558
35643
35670
35689
35752
35763
35854
35871
35883
35901
35956
35988
35989
36012
36071
36118
36122
36159
36161
36213
36284
36347
36415
36457
36550
36629
36659
36666
36748
36803
36851
36865
36945
36964
36990
37085
37166
37169
37227
37242
37248
37287
37318
37351
37428
37433
37438
37480
37565
37641
37674
37684
37728
37743
37780
37860
37877
37911
37961
38007
38046
38101
38197
38290
38337
38431
38480
38533
38569
38656
38749
38824
38838
38885
38896
38897
38934
38995
39060
39155
39225
39251
39322
39378
39394
39452
39523
39598
39612
39655
39689
39733
39737
39758
39761
39800
39886
39923
40008
40071
40115
40165
40177
40220
40305
40314
40412
40499
40581
40613
40625
40639
40659
40743
40759
40855
40941
40943
40953
41004
41075
41136
41156
41177
41261
41361
41409
41481
41559
41615
41702
41769
41808
41820
41865
41942
41968
42053
42131
42206
42283
42353
42419
42512
42559
42616
42656
42677
42720
42737
42816
42859
42869
42897
42988
43049
43122
43175
43206
43227
43273
43318
43401
43498
43564
43567
43616
43635
43657
43754
43762
43862
43953
43970
44000
44018
44103
44203
44244
44327
44427
44493
44577
44582
44644
44740
44826
44904
44969
44994
45073
45164
45173
45220
45304
45391
45488
45548
45625
45646
45684
45685
45709
45742
45788
45815
45878
45965
45966
46028
46128
46207
46266
46316
46402
46442
46493
46581
46659
46697
46793
46870
46926
46982
47040
47092
47136
47138
47235
47321
47336
47364
47448
47471
47519
47576
47585
47607
47609
47620
47641
47644
47723
47746
47841
47917
47991
48040
48114
48121
48143
48215
48288
48294
48324
48405
48413
48511
48522
48543
48571
48596
48655
48733
48772
48827
48918
48928
49009
49031
49033
49077
49126
49217
49266
49349
49440
49480
49521
49580
49667
49719
49789
49852
49879
49910
49936
50022
50037
50096
50134
50189
50202
50209
50304
50335
50337
50364
50387
50404
50414
50424
50517
50558
50617
50704
50724
50772
50789
50827
50886
50932
51020
51097
51187
51194
51294
51358
51451
51516
51537
51618
51636
51700
51701
51727
51770
51870
51914
51928
51986
