553
640
735
756
811
890
910
945
1030
1043
1133
1194
1276
1306
1316
1337
1418
1511
1588
1636
1698
1796
1882
1901
1929
1945
2039
2125
2136
2218
2260
2268
2326
2345
2394
2443
2451
2537
2626
2636
2685
2761
2772
2834
2877
2959
3046
3051
3108
3198
3250
3338
3413
3487
3489
3512
3567
3635
3682
3743
3840
3919
3967
3982
4049
4135
4141
4169
4212
4297
4341
4347
4349
4372
4390
4462
4523
4594
4614
4672
4682
4760
4799
4872
4896
4898
4936
4952
5043
5122
5157
5235
5299
5381
5465
5466
5512
5592
5624
5654
5699
5753
5798
5816
5861
5929
5980
6072
6128
6135
6198
6201
6277
6281
6368
6429
6460
6507
6578
6613
6652
6721
6728
6774
6826
6862
6887
6935
6991
7032
7077
7159
7200
7203
7298
7393
7438
7465
7492
7519
7565
7639
7710
7720
7783
7839
7866
7881
7959
8050
8104
8133
8205
8285
8360
8423
8481
8543
8599
8616
8619
8696
8743
8776
8800
8862
8935
8995
9089
9171
9202
9277
9359
9456
9460
9514
9556
9627
9684
9741
9753
9841
9940
10039
10096
10194
10264
10363
10431
10443
10543
10604
10606
10685
10782
10824
10889
10944
10973
10985
10992
11073
11154
11174
11229
11252
11348
11360
11388
11395
11413
11491
11530
11623
11669
11766
11784
11804
11837
11936
11947
11957
11980
12069
12129
12161
12242
12263
12322
12418
12421
12509
12579
12598
12627
12696
12728
12731
12773
12779
12828
12853
12879
12899
12954
12975
13075
13104
13174
13209
13302
13375
13427
13509
13527
13559
13605
13672
13692
13784
13825
13854
13887
13968
13980
14047
14112
14123
14132
14220
14320
14365
14444
14512
14586
14662
14703
14794
14861
14936
14951
14958
14971
15050
15088
15182
15186
15192
15269
15319
15357
15432
15474
15553
15566
15638
15730
15765
15831
15887
15942
15988
16048
16062
16110
16168
16174
16218
16318
16357
16379
16442
16532
16567
16629
16664
16665
16667
16748
16754
16775
16852
16915
16921
16981
17017
17047
17136
17217
17274
17327
17417
17421
17477
17523
17543
17634
17691
17749
17824
17889
17897
17962
18005
18093
18147
18216
18298
18373
18448
18537
18547
18573
18619
18641
18701
18707
18763
18769
18789
18834
18923
19013
19093
19155
19174
19269
19335
19388
19446
19513
19610
19625
19633
19717
19731
19751
19771
19822
19879
19943
19954
20007
20084
20155
20218
20303
20368
20397
20464
20536
20566
20600
20643
20677
20773
20783
20855
20887
20966
21007
21077
21084
21137
21154
21245
21319
21383
21439
21448
21456
21465
21547
21579
21637
21697
21733
21816
21908
21932
22024
22102
22189
22281
22376
22427
22519
22609
22650
22720
22778
22841
22911
22950
23032
23102
23197
23268
23316
23371
23382
23410
23496
23520
23589
23605
23661
23722
23762
23856
23859
23902
23985
24067
24105
24175
24207
24235
24297
24370
24391
24435
24503
24531
24589
24638
24691
24721
24779
24781
24817
24837
24888
24931
24980
25031
25100
25121
25143
25180
25277
25279
25321
25389
25471
25524
25587
25616
25664
25696
25753
25799
25817
25874
25967
26054
26126
26199
26205
26224
26266
26360
26430
26501
26595
26622
26657
26696
26711
26749
26828
26881
26939
27019
27112
27132
27231
27259
27298
27308
27406
27494
27524
27621
27686
27774
27787
27825
27921
27934
28024
28048
28111
28198
28263
28272
28327
28348
28389
28448
28496
28526
28622
28722
28809
28851
28881
28887
28922
29008
29044
29119
29177
29234
29246
29297
29389
29468
29540
29628
29639
29722
29733
29793
29863
29899
29906
29989
30065
30075
30077
30152
30220
30222
30235
30325
30354
30388
30467
30539
30548
30575
30646
30739
30836
30912
31012
31100
31196
31198
31274
31359
31367
31424
31513
31581
31586
31622
31669
31711
31802
31896
31914
32007
32024
32037
32074
32135
32152
32215
32286
32290
32352
32449
32455
32514
32524
32525
32598
32682
32726
32783
32877
32949
32997
33054
33134
33193
33281
33329
33394
33494
33511
33577
33592
33651
33738
33836
33934
33978
34011
34056
34094
34108
34202
34203
34293
34392
34488
34572
34609
34628
34652
34749
34835
34933
35013
35101
35185
35270
35359
35434
35489
35560
35610
35694
35733
35777
35782
35784
35857
35936
36008
36062
36067
36068
36167
36230
36233
36251
36332
36383
36410
36484
36512
36587
36641
36650
36733
36827
36854
36893
36932
36978
36983
37062
37133
37151
37155
37253
37297
37361
37436
37497
37568
37604
37643
37742
37813
37830
37893
37959
38023
38069
38084
38093
38105
38205
38269
38315
38353
38444
38459
38497
38556
38646
38703
38768
38854
38930
38942
38978
39055
39141
39199
39299
39330
39378
39465
39549
39613
39641
39737
39761
39775
39856
39874
39963
40039
40095
40112
40212
40241
40293
40320
40359
40399
40480
40484
40518
40524
40556
40571
40641
40727
40767
40841
40910
41003
41009
41055
41099
41117
41133
41143
41186
41286
41288
41342
41383
41402
41408
41475
41522
41549
41605
41703
41789
41822
41900
41911
42006
42072
42132
42220
42233
42299
42315
42390
42410
42505
42599
42678
42769
42809
42909
42921
42986
43005
43096
43174
43264
43330
43414
43471
43512
43549
43556
43607
43687
43706
43729
43827
43920
44012
44033
44111
44154
44184
44255
44338
44373
44473
44497
44499
44529
44567
44656
44664
44742
44826
44913
44960
45008
45025
45098
45107
45135
45224
45318
45365
45366
45398
45421
45496
45538
45572
45643
45711
45712
45805
45859
45871
45891
45925
46017
46050
46132
46189
46227
46264
46306
46377
46447
46499
46547
46595
46684
46686
46760
46797
46836
46936
46982
47017
47110
47167
47181
47191
47195
47266
47288
47367
47410
47471
47535
47580
47622
47713
47772
47787
47855
47909
48003
48102
48196
48284
48348
48379
48401
48447
48516
48613
48713
48765
48825
48903
48921
49010
49043
49112
49129
49211
49303
49356
49401
49414
49513
49596
49665
49756
49809
49853
49927
49955
50045
50133
50199
50207
50233
50324
50378
50427
50438
50537
50584
50674
50758
50789
50840
50919
50954
50958
51002
51047
51052
51083
51107
51126
51145
51243
51328
51407
51434
51509
51556
51608
51635
51643
51700
51704
51743
51791
51837
51877
51913
51928
51934
51941
51978
52058
52082
52117
52190
52192
52263
52322
52350
52429
52435
52437
52441
52510
52562
52603
52670
52700
52756
52776
52809
