402
480
562
657
668
682
706
736
834
912
995
1013
1051
1063
1072
1074
1132
1211
1239
1272
1301
1331
1342
1372
1433
1505
1542
1585
1682
1749
1794
1837
1895
1917
2002
2094
2098
2187
2196
2229
2237
2249
2293
2380
2382
2432
2466
2545
2639
2697
2752
2826
2863
2940
2941
2974
3014
3094
3185
3283
3317
3407
3464
3559
3580
3591
3650
3745
3765
3788
3808
3907
3926
4023
4061
4099
4162
4244
4338
4424
4433
4436
4451
4546
4638
4642
4740
4746
4752
4785
4846
4869
4933
5006
5010
5056
5112
5195
5244
5285
5353
5435
5437
5501
5555
5607
5642
5662
5748
5770
5828
5834
5924
6015
6080
6142
6208
6306
6379
6413
6446
6486
6540
6590
6617
6688
6774
6856
6914
6946
7005
7103
7135
7206
7230
7240
7287
7312
7320
7353
7424
7503
7514
7556
7640
7696
7770
7828
7883
7908
7991
8033
8104
8163
8167
8192
8218
8317
8387
8447
8503
8524
8541
8604
8665
8736
8815
8883
8884
8936
8956
8957
8958
9057
9115
9198
9261
9338
9389
9489
9524
9613
9636
9733
9830
9879
9974
10024
10097
10116
10161
10226
10279
10327
10425
10436
10495
10557
10574
10623
10645
10681
10725
10762
10854
10910
10956
10997
11058
11130
11142
11157
11233
11281
11318
11369
11409
11491
11553
11590
11631
11689
11725
11728
11791
11870
11927
11970
12056
12156
12216
12235
12288
12305
12354
12391
12400
12419
12452
12514
12570
12646
12705
12777
12851
12925
12963
13057
13092
13151
13237
13311
13328
13422
13484
13532
13571
13651
13746
13753
13851
13910
13944
13954
14033
14074
14095
14109
14117
14204
14222
14322
14399
14437
14477
14557
14602
14682
14684
14783
14864
14906
15006
15067
15087
15110
15201
15272
15283
15336
15376
15381
15465
15506
15521
15607
15643
15720
15762
15818
15832
15838
15883
15907
15942
15988
16087
16107
16159
16227
16258
16301
16328
16377
16463
16480
16481
16565
16597
16602
16685
16725
16787
16881
16898
16981
17050
17105
17154
17233
17307
17407
17434
17529
17548
17581
17668
17718
17776
17798
17887
17892
17964
17997
18077
18172
18211
18221
18295
18327
18399
18471
18479
18480
18524
18563
18566
18586
18605
18651
18687
18730
18740
18785
18879
18937
18958
18973
19042
19093
19149
19210
19260
19261
19283
19333
19364
19437
19497
19587
19686
19770
19866
19943
20016
20039
20079
20145
20191
20232
20312
20351
20440
20528
20599
20688
20722
20780
20844
20847
20935
21022
21122
21144
21145
21220
21293
21346
21438
21535
21611
21653
21704
21748
21833
21845
21873
21933
22009
22106
22110
22142
22191
22223
22242
22311
22356
22371
22454
22545
22604
22645
22708
22794
22805
22898
22921
22977
22989
23060
23100
23108
23198
23207
23244
23275
23303
23335
23400
23409
23495
23504
23536
23553
23569
23623
23650
23708
23710
23735
23791
23839
23844
23916
23979
23991
24077
24175
24228
24325
24331
24400
24472
24480
24492
24584
24607
24698
24788
24871
24968
24981
25068
25141
25215
25263
25335
25337
25376
25401
25494
25515
25612
25613
25668
25735
25788
25834
25924
26019
26074
26078
26160
26215
26228
26281
26356
26365
26451
26507
26536
26601
26695
26708
26807
26857
26861
26909
26927
27023
27067
27093
27119
27145
27233
27254
27342
27363
27439
27457
27466
27481
27503
27504
27530
27559
27650
27739
27742
27772
27776
27805
27892
27907
27917
27943
27988
27996
28057
28097
28178
28238
28317
28323
28351
28435
28442
28498
28592
28690
28696
28722
28802
28867
28896
28943
29036
29115
29214
29306
29379
29383
29425
29430
29519
29577
29611
29663
29687
29710
29747
29800
29818
29895
29994
30018
30023
30040
30073
30092
30101
30176
30264
30328
30386
30412
30510
30557
30637
30730
30760
30775
30857
30908
30930
31002
31008
31017
31050
31148
31184
31262
31285
31358
31395
31428
31493
31555
31648
31724
31794
31869
31872
31957
32012
32074
32080
32112
32147
32164
32220
32293
32389
32449
32505
32518
32528
32614
32709
32747
32795
32888
32948
33001
33098
33158
33221
33240
33313
33362
33386
33402
33489
33492
33530
33617
33680
33763
33789
33876
33926
33986
34065
34134
34149
34217
34224
34235
34305
34357
34419
34492
34544
34593
34686
34737
34797
34886
34982
35013
35080
35109
35128
35156
35158
35185
35197
35287
35348
35408
35426
35469
35490
35546
35629
35640
35706
35786
35875
35951
35992
36076
36164
36209
36306
36330
36360
36433
36467
36478
36517
36608
36700
36724
36752
36829
36854
36860
36869
36938
36991
37027
37101
37185
37188
37257
37335
37366
37428
37528
37624
37662
37720
37750
37790
37804
37875
37961
38047
38132
38163
38204
38295
38374
38430
38479
38524
38540
38630
38639
38693
38752
38817
38889
38987
39016
39072
39131
39149
39179
39244
39302
39373
39415
39433
39476
39538
39604
39642
39734
39742
39763
39810
39860
39901
39940
39989
40031
40036
40102
40138
40203
40264
40346
40401
40465
40528
40529
40573
40632
40732
40786
40855
40904
40936
40962
40987
41072
41118
41137
41172
41210
41289
41331
41363
41439
41490
41585
41647
41684
41705
41716
41742
41803
41839
41842
41897
41900
41933
41999
42050
42080
42097
42104
42108
42126
42168
42174
42181
42220
42254
42276
42326
42367
42442
42494
42507
42508
42603
42697
42762
42832
42859
42888
42987
42991
43065
43153
43220
43317
43401
43463
43533
43564
43594
43597
43631
43659
43680
43714
43760
43773
43847
43924
43933
44009
44088
44177
44277
44301
44349
44387
44481
44524
44548
44584
44647
44711
44792
44860
44924
44975
44999
45027
45110
45145
45216
45292
45309
45402
45500
45555
45565
45635
45684
45774
45855
45900
45974
46051
46094
46161
46247
46262
46343
46397
46457
46504
46565
46623
46658
46722
46821
46872
46924
46977
46987
46999
47026
47054
47076
47111
47191
47206
47306
47393
47480
47551
47555
47585
47594
47601
47695
47723
47763
47855
47939
47979
48052
48078
48171
48224
48257
48295
48382
48452
48503
48542
48559
48602
48629
48717
48807
48863
48882
48971
48983
49071
49091
49178
49260
49293
49349
49385
49447
49519
49538
49588
49617
49693
49694
49703
49706
49753
49778
49783
49853
49932
49941
49958
49972
50019
50083
50163
50168
50184
50192
50234
50295
50308
50340
50402
50405
50408
50445
50534
50594
50647
50722
50801
