979
997
1046
1113
1196
1285
1378
1442
1460
1488
1563
1595
1677
1709
1783
1842
1891
1986
2008
2044
2139
2215
2305
2370
2445
2529
2563
2646
2658
2718
2798
2880
2921
3010
3066
3117
3166
3254
3269
3299
3375
3377
3434
3533
3554
3646
3719
3739
3765
3776
3856
3918
3973
4038
4102
4136
4206
4214
4223
4255
4307
4328
4347
4438
4517
4547
4566
4629
4723
4745
4824
4903
4988
5053
5128
5227
5279
5366
5415
5497
5513
5573
5638
5653
5727
5825
5876
5964
6040
6066
6134
6152
6211
6222
6230
6288
6377
6456
6556
6577
6667
6714
6752
6782
6863
6919
6956
7006
7067
7122
7185
7284
7369
7409
7454
7513
7546
7624
7710
7747
7825
7901
7934
7961
8007
8105
8129
8198
8206
8274
8304
8404
8465
8528
8618
8681
8756
8805
8868
8914
9006
9022
9059
9115
9207
9291
9316
9377
9466
9553
9632
9725
9819
9862
9923
10016
10058
10127
10209
10253
10340
10345
10361
10426
10504
10541
10570
10599
10682
10759
10811
10907
10947
10979
11011
11032
11109
11196
11211
11275
11346
11371
11377
11405
11444
11524
11614
11702
11743
11780
11803
11900
11984
11993
12081
12146
12148
12242
12289
12349
12427
12475
12537
12568
12584
12666
12741
12791
12792
12851
12885
12952
13040
13108
13207
13245
13246
13263
13270
13364
13427
13513
13607
13707
13725
13805
13851
13900
13904
13906
13991
14014
14040
14103
14187
14197
14211
14286
14306
14377
14476
14558
14643
14710
14754
14789
14827
14838
14905
14919
14993
15068
15140
15143
15160
15248
15306
15312
15407
15489
15584
15653
15742
15834
15836
15875
15972
16051
16129
16217
16246
16335
16435
16522
16538
16629
16710
16782
16802
16856
16876
16937
16998
17029
17100
17138
17188
17253
17279
17356
17419
17515
17558
17629
17683
17726
17812
17878
17978
18009
18095
18155
18195
18209
18211
18254
18340
18364
18435
18470
18484
18514
18579
18593
18645
18714
18749
18780
18863
18921
18923
18925
18998
19008
19044
19128
19144
19214
19293
19323
19330
19383
19461
19553
19618
19676
19692
19769
19784
19855
19891
19960
19998
20043
20099
20165
20255
20290
20365
20457
20526
20546
20568
20621
20713
20731
20822
20856
20875
20918
20974
20988
21064
21159
21218
21240
21245
21282
21338
21421
21505
21557
21612
21695
21719
21807
21813
21880
21914
21966
22061
22094
22181
22280
22325
22366
22407
22477
22547
22616
22661
22755
22822
22922
22999
23006
23096
23156
23222
23261
23280
23366
23424
23430
23528
23580
23619
23709
23788
23799
23875
23942
23986
24045
24082
24143
24169
24187
24258
24291
24312
24364
24403
24460
24503
24520
24526
24529
24597
24624
24700
24758
24776
24851
24894
24909
24919
25017
25025
25035
25063
25082
25165
25262
25346
25350
25405
25429
25515
25529
25580
25593
25682
25705
25759
25760
25785
25787
25837
25898
25990
26061
26125
26146
26208
26289
26380
26436
26471
26514
26604
26702
26724
26799
26840
26902
26978
26995
27069
27078
27121
27136
27142
27144
27213
27272
27318
27371
27429
27455
27495
27584
27609
27661
27757
27850
27884
27977
28070
28126
28146
28176
28208
28300
28329
28390
28451
28454
28501
28601
28619
28661
28745
28753
28796
28801
28894
28920
28949
29034
29111
29189
29279
29296
29365
29452
29491
29585
29644
29744
29801
29812
29833
29918
29932
29943
30014
30093
30108
30134
30200
30280
30281
30283
30347
30383
30435
30534
30608
30640
30719
30739
30749
30750
30755
30775
30812
30873
30920
30947
31017
31079
31130
31161
31237
31298
31326
31400
31472
31536
31538
31583
31617
31633
31671
31741
31762
31792
31793
31843
31905
31909
31930
31987
32070
32137
32158
32253
32303
32389
32417
32488
32564
32601
32629
32676
32708
32710
32730
32738
32801
32840
32865
32943
32994
33015
33109
33146
33155
33168
33243
33285
33326
33350
33415
33440
33504
33542
33604
33656
33739
33740
33780
33812
33891
33934
34010
34022
34042
34052
34101
34133
34218
34276
34369
34441
34518
34544
34579
34644
34739
34815
34866
34885
34887
34963
35004
35038
35103
35171
35228
35255
35269
35344
35429
35471
35518
35591
35659
35675
35689
35696
35772
35862
35908
36000
36049
36084
36112
36190
36208
36229
36320
36405
36444
36449
36512
36513
36517
36552
36596
36640
36710
36733
36736
36784
36867
36880
36951
37016
37039
37110
37122
37209
37212
37230
37328
37363
37386
37441
37483
37496
37582
37590
37651
37700
37788
37832
37870
37898
37949
37991
38077
38162
38215
38254
38301
38356
38423
38456
38473
38509
38553
38558
38594
38615
38635
38658
38714
38748
38792
38866
38960
38965
39031
39050
39111
39146
39171
39271
39352
39407
39504
39588
39625
39688
39747
39791
39817
39891
39943
40004
40055
40115
40159
40217
40287
40386
40462
40504
40592
40677
40735
40748
40752
40788
40791
40869
40909
40946
41008
41028
41117
41127
41169
41231
41320
41365
41456
41531
41620
41691
41759
41847
41858
41929
41991
42005
42075
42079
42165
42265
42325
42365
42462
42521
42543
42572
42645
42722
42744
42802
42850
42918
42959
43012
43073
43150
43216
43296
43369
43408
43440
43468
43490
43581
43586
43678
43751
43794
43863
43899
43992
44073
44094
44168
44246
44269
44342
44381
44465
44505
44536
44585
44633
44644
44694
44775
44787
44882
44942
45017
45098
45115
45204
45231
45246
45278
45321
45393
45470
45479
45549
45556
45604
45701
45776
45785
45877
45883
45963
45987
46053
46143
46152
46222
46275
46351
46385
46415
46504
46584
46676
46702
46712
46810
46874
46957
47028
47102
47125
47216
47277
47336
47400
47491
47507
47570
47643
47714
47760
47789
47878
47967
48054
48095
48163
48198
48225
48312
48406
48491
48591
48663
48692
48697
48732
48819
48896
48909
48958
49026
49058
49152
49194
49269
49278
49352
49374
49433
49522
49530
49542
49613
49639
49647
49653
49672
49732
49794
49884
49893
49911
49961
49971
50062
50086
50088
50159
50222
50239
50268
50295
50358
50361
50378
50458
50545
50585
50628
50643
50716
50769
50798
50861
50947
50993
51058
51111
51138
51155
51185
51230
51281
51297
51392
51393
51469
51474
51559
51612
51623
51665
51757
51798
51890
51948
51959
52002
52095
52139
52141
52217
52269
52342
52353
52420
52458
52492
52545
52608
52633
52661
52759
52835
52928
53015
53070
53127
53133
