633
664
699
700
770
771
792
860
895
982
996
1094
1191
1250
1316
1346
1417
1508
1558
1560
1616
1644
1739
1779
1799
1892
1902
1930
1939
2022
2102
2170
2234
2237
2323
2358
2422
2467
2484
2499
2533
2549
2628
2659
2714
2758
2841
2875
2973
3034
3058
3110
3196
3262
3288
3303
3363
3433
3493
3542
3544
3546
3595
3647
3682
3731
3792
3891
3893
3962
4042
4141
4212
4239
4263
4295
4346
4435
4489
4546
4626
4712
4749
4812
4822
4922
5007
5088
5150
5168
5254
5273
5280
5378
5451
5484
5541
5552
5596
5625
5701
5705
5798
5868
5898
5990
6030
6069
6102
6189
6198
6261
6303
6319
6327
6396
6401
6432
6497
6569
6602
6684
6767
6853
6912
6944
6949
6968
6999
7020
7073
7100
7168
7223
7294
7383
7428
7521
7548
7597
7663
7718
7737
7792
7820
7839
7892
7966
8003
8008
8060
8118
8190
8248
8257
8268
8327
8404
8446
8540
8571
8588
8666
8704
8709
8772
8870
8881
8977
9077
9094
9142
9242
9318
9371
9471
9518
9565
9591
9631
9708
9731
9758
9826
9921
10013
10029
10101
10102
10155
10224
10314
10352
10390
10485
10532
10567
10661
10722
10773
10823
10854
10876
10900
10981
11065
11122
11213
11306
11385
11476
11556
11651
11701
11784
11853
11872
11916
11949
11955
12021
12089
12165
12195
12226
12296
12305
12394
12402
12481
12502
12521
12536
12595
12667
12723
12788
12843
12929
12971
13055
13106
13113
13208
13256
13289
13350
13429
13474
13507
13520
13535
13607
13695
13766
13823
13893
13894
13990
13994
14026
14125
14182
14263
14269
14276
14322
14419
14475
14527
14567
14583
14584
14673
14683
14744
14831
14856
14896
14988
15080
15152
15174
15258
15330
15347
15432
15525
15579
15653
15724
15823
15907
15930
16018
16051
16146
16197
16296
16389
16408
16467
16558
16647
16702
16771
16828
16905
16913
16950
16960
17034
17113
17124
17135
17143
17150
17216
17237
17307
17336
17413
17512
17520
17550
17600
17615
17712
17768
17838
17905
18002
18056
18111
18196
18270
18310
18333
18424
18481
18496
18498
18542
18553
18644
18659
18699
18744
18836
18890
18988
19013
19101
19196
19248
19265
19362
19368
19466
19547
19577
19645
19714
19799
19855
19883
19920
19992
20011
20041
20127
20223
20257
20304
20311
20316
20388
20454
20456
20492
20519
20527
20537
20574
20620
20698
20766
20771
20851
20857
20957
21000
21094
21145
21240
21288
21349
21359
21365
21411
21487
21557
21654
21688
21740
21764
21820
21872
21881
21897
21974
22029
22122
22171
22246
22284
22332
22357
22410
22479
22504
22571
22577
22591
22616
22701
22719
22723
22738
22801
22836
22896
22948
23047
23122
23216
23229
23278
23367
23437
23479
23515
23608
23667
23726
23745
23822
23896
23990
24085
24114
24183
24263
24326
24349
24351
24433
24459
24536
24585
24658
24743
24796
24872
24960
24963
24994
25043
25112
25138
25170
25188
25260
25331
25425
25487
25535
25552
25555
25625
25653
25694
25751
25810
25899
25960
25986
26058
26141
26156
26159
26242
26259
26296
26396
26452
26466
26523
26589
26651
26697
26767
26816
26844
26847
26905
26925
26944
27044
27130
27196
27267
27324
27411
27510
27556
27606
27680
27706
27804
27852
27905
27974
28041
28084
28085
28097
28131
28189
28223
28244
28324
28326
28350
28390
28453
28454
28513
28578
28631
28632
28664
28712
28756
28793
28804
28897
28899
28958
29054
29117
29127
29210
29226
29304
29378
29383
29460
29500
29589
29632
29678
29744
29795
29851
29889
29970
30040
30139
30194
30267
30352
30409
30457
30555
30603
30680
30768
30821
30851
30871
30891
30950
31001
31046
31091
31156
31215
31313
31386
31411
31493
31583
31676
31736
31821
31861
31912
31927
31981
32058
32106
32206
32219
32316
32393
32396
32493
32577
32611
32704
32738
32742
32797
32881
32950
32957
32988
33045
33068
33089
33135
33214
33240
33324
33364
33373
33431
33518
33559
33650
33702
33779
33862
33888
33942
34042
34134
34207
34217
34285
34346
34360
34446
34461
34475
34490
34511
34598
34696
34699
34745
34842
34885
34944
35028
35074
35101
35134
35155
35228
35289
35290
35372
35465
35521
35561
35647
35739
35794
35805
35901
35954
35988
36076
36160
36164
36263
36344
36376
36433
36434
36467
36527
36559
36656
36657
36702
36721
36807
36847
36879
36973
37025
37052
37125
37133
37211
37227
37249
37345
37374
37467
37525
37611
37663
37664
37741
37814
37826
37902
37930
38021
38079
38091
38171
38183
38210
38223
38295
38334
38340
38361
38419
38464
38476
38529
38625
38712
38770
38847
38891
38960
38964
39032
39082
39142
39211
39306
39378
39406
39492
39553
39561
39595
39671
39684
39769
39858
39938
39970
40055
40064
40143
40219
40274
40367
40442
40468
40479
40531
40575
40578
40640
40645
40668
40729
40750
40794
40871
40878
40914
40970
41007
41018
41023
41087
41109
41165
41250
41282
41337
41358
41405
41431
41486
41566
41594
41688
41776
41857
41872
41911
41993
42033
42061
42144
42147
42155
42183
42192
42284
42350
42447
42535
42598
42679
42756
42847
42876
42945
43028
43080
43126
43195
43268
43291
43341
43421
43489
43502
43576
43600
43670
43678
43725
43789
43800
43875
43917
43997
44069
44152
44195
44261
44346
44406
44432
44484
44571
44615
44622
44656
44675
44769
44815
44818
44836
44890
44941
44956
45013
45084
45169
45235
45241
45301
45388
45465
45547
45554
45568
45605
45695
45744
45830
45865
45944
46005
46065
46148
46229
46280
46379
46419
46485
46516
46528
46627
46675
46686
46767
46789
46888
46938
47035
47072
47139
47183
47275
47303
47324
47325
47364
47383
47457
47522
47549
47610
47689
47733
47793
47828
47885
47933
48002
48027
48035
48089
48157
48173
48182
48251
48295
48367
48455
48462
48498
48589
48678
48713
48806
48876
48880
48900
48915
48932
49026
49052
49117
49159
49160
49163
49208
49250
49275
49309
49338
49378
49390
49471
49486
49496
49577
49582
49678
49727
49762
49840
49939
50010
50089
50148
50191
50280
50361
50455
50538
50619
50669
50715
50815
50838
50938
51010
51079
51117
51138
51148
51226
51240
51264
51269
51297
51325
51384
51418
51435
51532
51610
51688
51752
51785
51824
51856
51953
52015
52053
52064
52087
52170
52231
52252
52317
52396
52450
52469
52540
52587
52668
