864
880
973
995
996
998
1029
1075
1126
1198
1207
1286
1381
1474
1495
1567
1608
1688
1700
1794
1845
1872
1892
1913
1962
1993
2010
2082
2160
2234
2285
2340
2365
2420
2511
2526
2583
2624
2626
2648
2717
2750
2794
2805
2900
2972
3020
3043
3044
3110
3136
3211
3261
3327
3351
3418
3498
3591
3600
3623
3662
3672
3695
3772
3795
3798
3867
3955
3958
3972
4030
4056
4122
4136
4213
4279
4340
4386
4450
4521
4615
4682
4772
4784
4833
4876
4937
4969
5037
5072
5134
5148
5193
5261
5357
5408
5457
5529
5584
5600
5643
5697
5705
5741
5753
5783
5835
5836
5934
5994
6020
6078
6150
6158
6205
6209
6278
6311
6342
6354
6412
6424
6496
6592
6644
6687
6763
6767
6781
6852
6857
6903
6958
7033
7110
7152
7181
7252
7302
7386
7454
7524
7617
7673
7689
7700
7769
7823
7923
7995
8014
8030
8079
8134
8208
8257
8283
8308
8392
8448
8518
8543
8584
8660
8754
8802
8890
8980
8987
9054
9081
9152
9183
9210
9243
9286
9305
9328
9393
9394
9442
9460
9538
9636
9707
9805
9829
9867
9882
9888
9957
10001
10051
10097
10176
10232
10326
10382
10458
10509
10567
10599
10652
10699
10742
10777
10825
10854
10942
11010
11015
11052
11094
11095
11155
11197
11296
11380
11436
11528
11534
11583
11671
11750
11793
11801
11807
11894
11981
12009
12072
12081
12168
12175
12274
12368
12384
12395
12403
12478
12510
12560
12573
12615
12709
12743
12772
12778
12850
12904
12919
13012
13079
13144
13206
13255
13301
13368
13457
13458
13516
13517
13560
13577
13590
13633
13720
13792
13841
13935
13937
13983
14065
14164
14213
14299
14342
14391
14403
14499
14577
14647
14668
14726
14767
14845
14869
14896
14991
14996
15071
15093
15168
15178
15257
15267
15287
15340
15342
15389
15410
15430
15478
15509
15551
15629
15662
15733
15796
15838
15850
15869
15934
15979
15991
16007
16028
16046
16076
16164
16177
16221
16302
16347
16416
16498
16529
16583
16607
16623
16697
16740
16795
16893
16924
16976
16993
17090
17157
17241
17310
17338
17432
17486
17527
17584
17605
17691
17782
17841
17877
17932
17966
18024
18063
18136
18176
18243
18297
18366
18457
18483
18517
18585
18600
18608
18669
18674
18693
18707
18738
18769
18795
18837
18882
18940
18967
19031
19066
19079
19147
19169
19175
19191
19248
19314
19406
19498
19567
19576
19663
19721
19741
19771
19841
19868
19909
19917
19958
19972
20056
20057
20087
20141
20194
20252
20257
20285
20318
20378
20469
20518
20530
20603
20663
20715
20757
20782
20880
20898
20916
20924
21003
21053
21114
21143
21194
21270
21283
21304
21308
21364
21443
21526
21551
21581
21595
21622
21640
21736
21771
21789
21865
21955
22020
22113
22213
22232
22310
22392
22477
22492
22514
22608
22617
22626
22706
22718
22787
22828
22893
22900
22954
23036
23109
23180
23258
23296
23391
23444
23544
23642
23673
23756
23802
23894
23961
23995
23996
24061
24080
24158
24204
24233
24235
24318
24408
24428
24492
24540
24589
24681
24730
24793
24827
24914
24918
24940
25006
25015
25038
25109
25175
25183
25269
25368
25452
25537
25546
25569
25585
25607
25697
25770
25870
25900
25915
26005
26028
26125
26215
26271
26340
26390
26434
26462
26487
26503
26552
26589
26592
26685
26777
26787
26857
26879
26941
26973
26984
27001
27021
27108
27185
27225
27296
27375
27472
27561
27618
27718
27804
27845
27910
27958
27995
28066
28132
28159
28218
28275
28362
28392
28401
28438
28485
28509
28599
28670
28708
28715
28776
28840
28896
28935
29001
29076
29176
29180
29211
29285
29375
29429
29458
29538
29565
29636
29641
29658
29697
29733
29778
29799
29899
29940
30007
30064
30150
30176
30191
30237
30259
30279
30307
30369
30402
30502
30570
30603
30700
30729
30816
30846
30893
30983
31080
31117
31118
31210
31219
31292
31379
31380
31480
31575
31659
31744
31775
31786
31860
31913
31976
32008
32096
32144
32188
32214
32233
32259
32295
32381
32467
32511
32532
32595
32647
32654
32747
32768
32818
32910
32952
32984
33056
33107
33164
33219
33225
33276
33314
33357
33435
33466
33550
33625
33691
33744
33839
33881
33970
34030
34129
34183
34188
34205
34226
34294
34353
34426
34499
34578
34654
34702
34784
34872
34919
34942
34970
35012
35028
35034
35067
35069
35144
35241
35331
35374
35464
35467
35529
35589
35678
35758
35804
35889
35912
35931
36028
36127
36138
36168
36235
36274
36283
36289
36354
36418
36446
36474
36554
36626
36687
36758
36821
36845
36928
36998
37014
37051
37096
37142
37171
37259
37340
37368
37396
37426
37434
37488
37506
37523
37559
37587
37591
37597
37661
37732
37831
37878
37975
38024
38093
38111
38183
38224
38324
38401
38472
38493
38588
38672
38767
38786
38798
38831
38898
38996
39011
39080
39141
39155
39206
39239
39257
39268
39334
39343
39396
39467
39484
39576
39650
39716
39762
39781
39846
39877
39952
39962
40032
40094
40138
40186
40259
40273
40310
40313
40333
40422
40514
40574
40601
40642
40672
40707
40758
40768
40862
40899
40998
41040
41068
41168
41196
41244
41340
41403
41495
41549
41647
41649
41728
41792
41868
41955
41982
41989
42029
42067
42071
42149
42239
42306
42384
42393
42428
42507
42589
42599
42642
42699
42742
42822
42844
42924
42995
43073
43166
43247
43259
43277
43346
43384
43469
43557
43561
43628
43703
43788
43845
43873
43963
44012
44052
44148
44170
44265
44277
44349
44367
44432
44521
44573
44631
44635
44694
44746
44755
44792
44861
44897
44921
45004
45089
45092
45164
45242
45331
45332
45367
45465
45525
45622
45716
45722
45728
45754
45844
45918
45928
46010
46092
46110
46190
46212
46312
46335
46386
46442
46462
46520
46603
46643
46736
46740
46762
46823
46833
46932
46953
47049
47123
47153
47216
47244
47287
47380
47404
47420
47475
47566
47594
47675
47687
47695
47733
47738
47802
47848
47852
47902
47914
47979
48027
48066
48143
48190
48261
48274
48316
48327
48398
48454
48528
48546
48565
48568
48611
48635
48734
48772
48826
48841
48894
48985
49046
49119
49202
49285
49368
49398
49487
49548
49610
49668
49676
49679
49749
49753
49822
49850
49856
49928
49935
49965
50063
50139
50212
50292
50347
50393
50480
50508
50583
50590
50608
50681
50746
50761
50795
50819
