377
450
495
532
622
667
693
714
777
788
873
894
940
946
1027
1105
1199
1247
1268
1342
1435
1473
1480
1556
1581
1597
1665
1724
1789
1888
1899
1993
2029
2049
2088
2146
2216
2227
2245
2311
2358
2420
2507
2528
2578
2647
2723
2766
2836
2854
2912
2999
3057
3148
3223
3236
3241
3253
3305
3392
3452
3542
3590
3660
3696
3782
3849
3898
3918
3950
4007
4014
4056
4151
4246
4305
4340
4389
4477
4525
4605
4608
4642
4666
4757
4818
4823
4839
4866
4890
4900
4987
4988
5030
5031
5079
5147
5187
5286
5369
5453
5507
5535
5632
5709
5796
5846
5872
5948
5956
6045
6119
6204
6296
6304
6311
6314
6322
6352
6354
6433
6462
6495
6537
6574
6609
6645
6733
6813
6868
6870
6876
6971
7043
7136
7143
7195
7211
7292
7328
7422
7493
7578
7672
7733
7753
7812
7842
7938
7942
7957
8008
8052
8074
8157
8210
8285
8339
8400
8483
8576
8596
8604
8699
8748
8809
8905
8927
8956
8965
9004
9020
9046
9136
9197
9290
9309
9403
9418
9455
9549
9589
9609
9706
9774
9825
9869
9905
9949
10042
10124
10134
10150
10166
10202
10255
10307
10396
10466
10526
10598
10681
10764
10772
10851
10946
11012
11047
11101
11179
11261
11279
11358
11441
11468
11509
11559
11624
11657
11720
11814
11901
11956
12048
12049
12126
12189
12227
12279
12308
12384
12464
12489
12511
12610
12703
12740
12757
12816
12853
12877
12927
12993
13001
13036
13061
13102
13163
13259
13338
13340
13385
13392
13436
13535
13576
13652
13748
13796
13887
13959
13961
14053
14126
14156
14210
14218
14314
14382
14385
14413
14488
14572
14623
14626
14690
14728
14772
14868
14929
14988
15009
15015
15032
15120
15143
15160
15240
15326
15352
15362
15375
15413
15468
15478
15480
15540
15552
15626
15709
15728
15735
15809
15844
15865
15946
16043
16088
16132
16226
16238
16297
16373
16428
16449
16508
16608
16681
16717
16759
16856
16933
17007
17026
17122
17180
17258
17276
17342
17397
17491
17538
17632
17662
17689
17755
17785
17848
17904
17928
18009
18061
18092
18109
18184
18189
18289
18350
18411
18478
18497
18512
18523
18545
18606
18683
18732
18808
18816
18824
18846
18931
18996
19076
19093
19177
19214
19242
19323
19367
19399
19474
19527
19583
19638
19668
19691
19723
19736
19826
19841
19913
19943
19970
20032
20071
20150
20224
20234
20289
20352
20358
20432
20454
20500
20600
20603
20631
20658
20670
20764
20813
20879
20925
21005
21073
21079
21100
21105
21179
21198
21267
21302
21369
21454
21501
21527
21540
21583
21628
21698
21791
21887
21904
21930
22004
22088
22186
22261
22337
22414
22513
22552
22650
22703
22731
22826
22880
22934
23028
23118
23172
23252
23255
23256
23337
23376
23385
23449
23504
23512
23604
23623
23637
23646
23696
23707
23804
23820
23896
23956
24035
24041
24112
24134
24155
24227
24248
24310
24379
24432
24461
24471
24509
24518
24548
24618
24678
24706
24733
24821
24921
24927
24989
25032
25055
25076
25172
25240
25296
25320
25330
25346
25404
25470
25558
25578
25647
25722
25793
25843
25917
25961
26036
26120
26123
26149
26227
26307
26359
26410
26431
26463
26524
26529
26542
26600
26691
26730
26785
26827
26837
26902
26925
26952
26956
26981
27021
27033
27059
27085
27111
27145
27155
27166
27218
27270
27284
27325
27404
27482
27497
27572
27664
27761
27766
27844
27908
27967
27997
28002
28095
28194
28238
28320
28390
28451
28493
28513
28550
28561
28584
28594
28671
28736
28757
28811
28818
28879
28922
28998
29063
29142
29162
29223
29263
29310
29322
29342
29412
29497
29591
29594
29622
29710
29785
29844
29877
29937
29987
30022
30052
30070
30081
30158
30182
30198
30214
30273
30282
30375
30410
30484
30513
30593
30622
30630
30723
30771
30829
30860
30912
31011
31020
31120
31211
31253
31272
31353
31419
31470
31490
31520
31588
31610
31663
31746
31842
31881
31895
31939
31997
32025
32121
32166
32226
32301
32319
32339
32428
32508
32510
32511
32544
32553
32575
32636
32703
32770
32787
32841
32898
32947
33032
33098
33114
33208
33265
33301
33354
33405
33429
33449
33481
33570
33634
33721
33780
33791
33821
33874
33949
33975
34021
34037
34047
34051
34107
34203
34265
34359
34425
34447
34466
34489
34497
34518
34548
34586
34636
34651
34705
34765
34790
34875
34972
35054
35132
35159
35179
35208
35248
35328
35329
35339
35435
35438
35509
35549
35622
35719
35722
35807
35851
35934
36016
36043
36135
36187
36250
36293
36298
36338
36423
36462
36551
36579
36615
36621
36645
36705
36750
36807
36852
36915
36970
37037
37059
37108
37201
37242
37256
37270
37341
37415
37432
37525
37560
37597
37672
37715
37811
37880
37952
38041
38100
38178
38224
38321
38420
38460
38545
38625
38647
38703
38803
38816
38891
38971
39034
39092
39136
39150
39202
39268
39306
39390
39481
39532
39610
39620
39702
39776
39870
39929
40005
40021
40034
40086
40165
40176
40261
40332
40374
40433
40530
40614
40670
40685
40746
40783
40812
40868
40871
40971
40994
41040
41056
41133
41201
41253
41260
41305
41357
41372
41471
41531
41619
41660
41748
41830
41853
41942
42005
42022
42104
42165
42203
42244
42300
42316
42366
42388
42441
42482
42510
42597
42641
42708
42710
42753
42825
42857
42890
42891
42980
43046
43073
43159
43193
43279
43293
43347
43421
43461
43470
43483
43581
43672
43677
43764
43812
43863
43934
44022
44037
44040
44094
44106
44144
44197
44267
44319
44388
44468
44554
44649
44710
44769
44847
44901
44902
44989
44999
45010
45045
45062
45154
45238
45270
45297
45389
45438
45505
45524
45618
45625
45696
45699
45712
45769
45837
45850
45900
45975
46007
46087
46120
46179
46189
46219
46238
46267
46299
46378
46443
46482
46534
46631
46676
46739
46752
46775
46803
46850
46880
46911
46934
47013
47068
47102
47120
47205
47235
47252
47285
47347
47403
47490
47547
47589
47601
47675
47755
47766
47778
47780
47836
47918
47933
47955
47987
48049
48100
48196
48253
48294
48387
48388
48459
48475
48494
48521
48599
48661
48708
48741
48804
48837
48844
48892
48983
48991
49069
49164
49246
49300
49351
49364
49444
49464
49524
49567
49593
49620
49694
49695
49720
49750
49840
49857
49892
49906
49965
50046
50055
50122
50124
50205
50286
