1015
1041
1075
1110
1120
1174
1246
1332
1355
1365
1380
1440
1495
1566
1646
1722
1760
1847
1935
1972
2044
2057
2135
2189
2193
2245
2263
2355
2453
2497
2515
2587
2605
2648
2652
2738
2799
2803
2841
2870
2966
3048
3049
3146
3149
3207
3283
3372
3445
3465
3480
3496
3525
3554
3559
3581
3627
3708
3710
3714
3715
3798
3809
3851
3892
3989
3994
4031
4073
4080
4128
4220
4236
4330
4379
4470
4491
4495
4548
4605
4693
4698
4706
4708
4772
4785
4837
4855
4860
4872
4888
4910
4921
4974
5033
5125
5224
5268
5280
5358
5376
5444
5463
5542
5575
5607
5701
5788
5815
5875
5954
6007
6040
6094
6144
6149
6207
6219
6314
6365
6367
6437
6506
6550
6639
6686
6721
6783
6835
6846
6878
6905
6961
7035
7074
7114
7148
7185
7200
7284
7308
7351
7417
7427
7446
7494
7562
7604
7606
7689
7761
7817
7837
7933
7963
8036
8106
8117
8213
8313
8314
8394
8447
8458
8494
8495
8509
8588
8629
8657
8740
8788
8797
8837
8888
8977
8986
8987
9053
9062
9152
9235
9257
9303
9357
9413
9490
9510
9523
9585
9609
9636
9683
9742
9811
9866
9884
9913
9926
10026
10035
10054
10154
10211
10272
10334
10352
10354
10410
10414
10425
10458
10492
10507
10605
10611
10638
10703
10770
10772
10788
10843
10869
10886
10945
11030
11089
11098
11161
11239
11332
11419
11447
11454
11545
11569
11594
11628
11694
11715
11799
11839
11840
11906
11946
11972
11975
12051
12146
12189
12269
12368
12467
12512
12533
12594
12628
12690
12703
12713
12806
12857
12936
13013
13091
13180
13206
13254
13329
13378
13379
13403
13496
13541
13542
13586
13663
13666
13680
13728
13753
13847
13880
13892
13903
13921
13957
14028
14082
14141
14213
14219
14294
14333
14369
14441
14495
14580
14629
14716
14786
14852
14939
15017
15041
15097
15143
15205
15275
15325
15402
15434
15461
15501
15502
15530
15597
15694
15758
15833
15851
15858
15936
15940
16025
16087
16114
16124
16181
16211
16283
16324
16334
16367
16438
16445
16532
16629
16674
16752
16766
16850
16886
16964
16985
17002
17089
17183
17196
17215
17280
17351
17441
17449
17505
17537
17603
17655
17752
17805
17851
17920
17959
18047
18065
18139
18187
18228
18268
18358
18421
18497
18582
18657
18684
18718
18743
18807
18821
18835
18925
18927
18967
19056
19078
19161
19184
19261
19275
19372
19379
19407
19443
19460
19503
19585
19640
19719
19728
19735
19815
19888
19928
20027
20038
20072
20079
20168
20183
20265
20340
20428
20477
20559
20610
20684
20719
20803
20871
20905
20983
21077
21099
21126
21128
21151
21229
21232
21305
21367
21376
21427
21475
21478
21492
21503
21517
21609
21673
21719
21801
21836
21876
21898
21937
21969
21996
22008
22056
22134
22225
22310
22393
22425
22486
22507
22559
22625
22715
22784
22791
22873
22893
22897
22925
22976
23072
23095
23122
23168
23206
23215
23305
23308
23350
23388
23465
23537
23546
23614
23689
23724
23786
23814
23815
23871
23969
24017
24105
24106
24193
24280
24375
24449
24508
24533
24619
24638
24649
24732
24777
24798
24799
24835
24845
24865
24934
24968
24982
25025
25083
25138
25145
25227
25268
25275
25358
25386
25392
25471
25476
25536
25548
25579
25613
25642
25668
25762
25775
25795
25837
25886
25954
25996
26016
26114
26170
26176
26254
26281
26288
26378
26424
26470
26532
26594
26692
26779
26810
26823
26887
26908
26989
27010
27014
27053
27100
27130
27172
27181
27191
27267
27359
27449
27512
27547
27568
27659
27717
27756
27835
27916
27936
28018
28023
28032
28085
28118
28138
28208
28277
28372
28431
28509
28564
28636
28719
28791
28888
28891
28899
28920
28962
28978
29058
29091
29174
29238
29291
29374
29442
29471
29516
29611
29707
29807
29818
29862
29932
29959
30035
30133
30177
30261
30296
30390
30400
30492
30578
30592
30596
30599
30605
30631
30667
30737
30823
30854
30943
31014
31098
31195
31251
31253
31308
31389
31438
31481
31507
31575
31646
31738
31815
31864
31938
31963
31995
32036
32050
32120
32205
32262
32309
32314
32378
32410
32431
32462
32558
32613
32641
32652
32702
32741
32836
32867
32946
33004
33086
33156
33194
33271
33274
33286
33303
33364
33369
33445
33530
33541
33556
33563
33662
33752
33798
33854
33865
33940
34003
34088
34175
34261
34318
34411
34441
34512
34601
34671
34718
34768
34808
34881
34961
34993
35020
35119
35215
35260
35317
35342
35377
35436
35527
35541
35589
35620
35684
35705
35766
35771
35836
35855
35903
35948
35962
35986
36041
36078
36089
36170
36184
36265
36278
36365
36404
36474
36496
36530
36586
36616
36647
36692
36765
36798
36857
36897
36903
36928
36937
36986
36997
37025
37039
37139
37167
37239
37314
37365
37409
37417
37445
37484
37535
37612
37670
37762
37770
37813
37900
38000
38070
38168
38226
38305
38325
38356
38357
38360
38379
38407
38465
38533
38586
38609
38635
38660
38719
38747
38815
38870
38950
39004
39100
39127
39141
39168
39217
39306
39406
39451
39466
39557
39592
39600
39676
39698
39729
39738
39794
39817
39864
39872
39875
39949
39951
40019
40109
40112
40147
40152
40198
40294
40327
40335
40405
40454
40525
40573
40604
40613
40691
40750
40753
40807
40839
40871
40876
40910
40998
41034
41079
41167
41198
41243
41334
41423
41448
41472
41527
41531
41558
41630
41727
41748
41799
41899
41937
41946
42044
42092
42097
42129
42207
42286
42353
42375
42472
42484
42580
42654
42696
42716
42803
42863
42885
42951
43007
43104
43136
43231
43277
43312
43332
43346
43422
43453
43518
43597
43680
43732
43794
43846
43876
43958
43968
44008
44053
44144
44173
44186
44266
44353
44415
44424
44473
44483
44565
44589
44632
44662
44729
44800
44875
44944
44956
45038
45041
45113
45121
45221
45274
45326
45378
45471
45494
45581
45595
45683
45775
45785
45812
45895
45898
45946
46046
46125
46168
46259
46276
46346
46419
46459
46481
46501
46561
46564
46593
46647
46659
46668
46713
46778
46825
46857
46881
46980
47072
47142
47189
47236
47278
47342
47403
47478
47527
47586
47674
47773
47801
47828
47885
47950
48028
48128
48180
48248
48309
48320
48417
48516
48539
48551
48555
48650
48714
48798
48890
48987
49077
49093
49182
49183
49261
49310
49360
49369
49456
49529
49537
49630
