173
255
284
374
472
498
569
602
673
698
774
838
932
1020
1119
1208
1277
1296
1298
1349
1376
1445
1469
1488
1568
1602
1698
1751
1851
1925
1947
1952
2013
2063
2110
2199
2208
2241
2247
2299
2397
2479
2492
2533
2552
2642
2644
2669
2719
2785
2808
2877
2893
2957
2978
3007
3069
3092
3186
3253
3276
3330
3368
3376
3410
3433
3448
3449
3500
3584
3661
3732
3736
3799
3888
3903
3918
3919
4005
4013
4051
4075
4127
4173
4219
4227
4233
4315
4361
4404
4465
4501
4567
4662
4722
4793
4875
4922
5000
5033
5073
5150
5181
5252
5338
5360
5447
5527
5550
5631
5679
5694
5759
5807
5816
5852
5870
5890
5928
6008
6049
6103
6131
6153
6206
6227
6278
6337
6384
6423
6471
6536
6546
6603
6659
6717
6728
6820
6908
6933
6995
7091
7178
7181
7233
7236
7290
7351
7431
7465
7506
7587
7669
7751
7775
7795
7880
7939
7946
7962
8014
8058
8134
8230
8268
8322
8397
8477
8496
8546
8626
8691
8710
8764
8854
8931
9001
9094
9114
9125
9207
9284
9376
9405
9473
9572
9606
9645
9687
9705
9792
9855
9877
9900
9952
9967
9977
10042
10053
10150
10230
10289
10326
10387
10469
10504
10537
10547
10616
10652
10697
10757
10769
10801
10824
10889
10894
10934
11024
11081
11147
11198
11271
11313
11318
11320
11356
11433
11502
11546
11619
11687
11760
11814
11901
11978
12063
12135
12152
12166
12253
12307
12394
12431
12521
12584
12659
12674
12732
12781
12832
12840
12930
13029
13100
13162
13247
13276
13291
13339
13389
13462
13519
13603
13653
13740
13781
13847
13939
13999
14073
14094
14119
14219
14301
14342
14349
14409
14433
14503
14567
14607
14655
14753
14817
14900
14956
14981
15046
15067
15126
15160
15178
15184
15246
15251
15254
15256
15355
15393
15486
15500
15530
15585
15621
15688
15747
15815
15861
15864
15867
15908
15995
16018
16080
16100
16112
16130
16140
16214
16263
16345
16440
16516
16565
16577
16615
16685
16732
16816
16821
16864
16902
16960
17047
17125
17156
17190
17268
17314
17374
17413
17443
17476
17538
17618
17654
17718
17723
17726
17734
17750
17828
17899
17998
18073
18084
18107
18145
18210
18249
18325
18370
18446
18544
18627
18656
18693
18698
18789
18798
18859
18918
18946
19002
19084
19125
19160
19204
19252
19313
19349
19427
19471
19535
19570
19593
19599
19661
19724
19784
19815
19860
19884
19928
20028
20101
20105
20184
20190
20247
20252
20262
20362
20404
20462
20465
20505
20570
20658
20664
20716
20788
20843
20859
20898
20913
20975
20992
21081
21108
21176
21237
21301
21396
21425
21495
21554
21595
21596
21640
21659
21677
21725
21825
21888
21906
21984
22001
22034
22049
22119
22189
22199
22216
22310
22398
22450
22517
22533
22615
22623
22708
22790
22794
22809
22900
22986
23035
23132
23224
23315
23374
23450
23510
23527
23583
23681
23745
23785
23796
23824
23862
23891
23970
23986
24055
24147
24212
24244
24310
24378
24404
24417
24434
24468
24491
24526
24588
24677
24733
24734
24816
24860
24865
24931
24950
25001
25021
25081
25138
25216
25272
25317
25351
25355
25429
25512
25611
25699
25764
25792
25867
25920
25980
26020
26069
26084
26123
26208
26232
26280
26374
26443
26518
26533
26539
26546
26575
26617
26654
26726
26754
26770
26784
26850
26924
26935
26977
27051
27128
27226
27265
27292
27329
27351
27391
27467
27470
27514
27584
27605
27607
27649
27710
27713
27741
27805
27904
27939
27981
28000
28041
28125
28203
28284
28297
28335
28362
28453
28515
28529
28530
28565
28592
28600
28607
28668
28752
28799
28837
28910
28937
28955
28973
29006
29014
29024
29061
29086
29113
29116
29170
29269
29312
29374
29417
29447
29453
29531
29624
29685
29690
29703
29758
29804
29845
29879
29931
30025
30027
30114
30204
30248
30267
30295
30378
30440
30540
30572
30610
30699
30750
30809
30906
30940
30976
31068
31137
31211
31311
31405
31497
31584
31623
31659
31717
31797
31863
31888
31977
31992
32089
32144
32196
32276
32344
32424
32455
32489
32545
32644
32672
32724
32788
32854
32912
32990
33030
33112
33147
33225
33311
33397
33446
33477
33519
33599
33660
33689
33741
33800
33814
33885
33895
33951
34037
34108
34113
34130
34188
34216
34315
34339
34348
34447
34525
34553
34608
34633
34689
34774
34805
34864
34906
34917
34925
34933
35017
35022
35048
35063
35088
35092
35155
35214
35246
35290
35321
35390
35447
35504
35516
35556
35645
35733
35795
35893
35961
36036
36095
36154
36168
36249
36334
36337
36359
36403
36469
36487
36509
36559
36623
36653
36662
36704
36784
36846
36932
36967
36991
36998
37096
37175
37246
37258
37315
37323
37346
37418
37438
37450
37520
37604
37680
37776
37828
37883
37946
38032
38050
38061
38098
38195
38255
38291
38337
38415
38426
38499
38576
38589
38670
38765
38839
38937
39022
39064
39155
39223
39291
39331
39350
39378
39427
39440
39536
39630
39687
39725
39802
39878
39943
40011
40025
40066
40092
40118
40193
40291
40337
40381
40445
40507
40559
40617
40663
40667
40751
40844
40929
40970
40979
41048
41071
41073
41165
41259
41312
41337
41418
41488
41587
41602
41668
41688
41774
41817
41851
41882
41892
41914
41943
41962
42017
42082
42158
42166
42247
42251
42314
42400
42497
42587
42598
42601
42619
42643
42706
42785
42853
42941
42982
42984
42999
43055
43125
43188
43242
43289
43346
43397
43483
43581
43591
43610
43623
43704
43739
43759
43837
43932
43974
44040
44086
44166
44228
44229
44235
44243
44266
44296
44301
44349
44406
44493
44526
44615
44713
44729
44757
44811
44843
44887
44890
44985
45052
45104
45164
45259
45332
45407
45493
45553
45652
45674
45697
45732
45827
45887
45918
45997
46069
46115
46197
46214
46262
46285
46317
46373
46465
46559
46654
46744
46801
46818
46834
46847
46930
46963
47055
47061
47156
47254
47340
47359
47398
47445
47522
47584
47585
47653
47728
47795
47872
47906
47960
47997
48010
48087
48114
48115
48187
48256
48288
48358
48363
48444
48539
48585
48657
48669
48710
48779
48829
48848
48902
48949
48974
48980
48987
49055
49089
49119
49189
49284
49307
49374
49461
49547
49586
49591
49690
49758
49787
49884
49963
49989
50047
50070
50154
50214
50304
50323
50395
50419
50465
50536
50593
50603
