791
848
862
882
928
983
1077
1090
1146
1182
1268
1289
1357
1417
1420
1477
1482
1533
1578
1610
1614
1674
1725
1745
1839
1876
1930
1997
2012
2027
2088
2138
2232
2257
2313
2353
2355
2419
2440
2450
2494
2533
2617
2625
2668
2737
2770
2814
2901
2940
3008
3013
3027
3115
3170
3184
3188
3220
3254
3349
3367
3434
3531
3587
3671
3740
3809
3905
3944
3973
3998
4076
4158
4216
4254
4296
4335
4415
4463
4549
4558
4607
4682
4726
4761
4805
4828
4857
4956
4972
4985
5022
5103
5158
5188
5214
5313
5363
5396
5409
5452
5510
5511
5543
5605
5623
5712
5727
5748
5795
5849
5948
5981
6044
6064
6130
6185
6233
6263
6272
6281
6349
6438
6444
6502
6581
6639
6685
6744
6755
6801
6865
6885
6935
6986
7081
7120
7149
7195
7245
7247
7294
7307
7406
7491
7582
7650
7723
7811
7893
7908
7996
8007
8070
8079
8159
8243
8262
8341
8406
8478
8544
8562
8625
8707
8764
8795
8857
8923
8942
8943
8946
8960
8972
8985
9037
9133
9171
9227
9317
9375
9390
9447
9526
9570
9665
9741
9763
9780
9880
9906
9962
10052
10086
10174
10266
10310
10385
10403
10427
10508
10591
10626
10681
10689
10738
10773
10792
10850
10932
10951
10997
11050
11108
11207
11297
11333
11385
11412
11437
11493
11568
11614
11708
11801
11817
11857
11858
11888
11891
11904
11961
12015
12022
12025
12088
12145
12204
12226
12288
12358
12405
12449
12538
12635
12735
12741
12769
12795
12889
12946
13035
13123
13149
13220
13229
13288
13295
13372
13423
13502
13600
13657
13754
13792
13847
13876
13974
14063
14146
14222
14258
14285
14380
14403
14417
14475
14529
14596
14623
14640
14723
14788
14829
14884
14933
14985
15052
15116
15165
15224
15281
15346
15363
15423
15515
15562
15659
15709
15725
15735
15816
15898
15989
16055
16086
16097
16192
16210
16274
16279
16320
16385
16453
16496
16550
16617
16714
16768
16853
16887
16904
16910
16929
16931
16938
16970
17003
17023
17101
17178
17275
17347
17430
17470
17566
17639
17738
17758
17784
17822
17854
17899
17908
17911
17967
18051
18107
18196
18296
18348
18394
18406
18462
18549
18634
18722
18810
18881
18936
19032
19048
19136
19196
19263
19284
19355
19365
19401
19406
19503
19560
19584
19590
19603
19614
19687
19720
19807
19865
19923
19987
20056
20099
20151
20168
20234
20249
20299
20399
20433
20506
20529
20560
20595
20654
20735
20757
20765
20819
20907
20910
20920
20987
21013
21021
21087
21146
21240
21298
21346
21391
21400
21401
21459
21518
21605
21651
21657
21705
21729
21799
21858
21935
21978
22024
22119
22189
22256
22288
22358
22456
22490
22560
22584
22663
22748
22791
22854
22914
22998
23043
23108
23121
23131
23222
23277
23295
23297
23313
23390
23461
23509
23535
23547
23606
23704
23747
23763
23852
23900
23984
24077
24114
24156
24201
24205
24301
24351
24429
24482
24508
24523
24592
24648
24669
24706
24778
24819
24855
24866
24957
25026
25070
25104
25185
25243
25324
25367
25421
25497
25592
25634
25675
25723
25741
25759
25811
25830
25890
25903
25978
26054
26149
26194
26261
26353
26440
26494
26564
26649
26660
26751
26833
26908
26930
27027
27064
27157
27224
27235
27287
27362
27399
27448
27450
27547
27638
27734
27765
27822
27866
27900
27921
28014
28090
28108
28165
28179
28191
28242
28246
28265
28297
28339
28389
28411
28452
28469
28521
28592
28669
28746
28802
28820
28856
28859
28943
28968
29032
29105
29124
29217
29279
29334
29390
29440
29521
29604
29687
29713
29755
29766
29857
29893
29973
29975
30042
30053
30117
30187
30285
30318
30343
30387
30395
30429
30458
30480
30491
30574
30642
30689
30697
30759
30801
30869
30963
31045
31142
31181
31277
31358
31425
31450
31514
31597
31654
31656
31685
31737
31775
31778
31829
31841
31854
31872
31945
31980
31983
32080
32127
32208
32305
32322
32328
32407
32459
32464
32482
32507
32512
32532
32577
32644
32682
32750
32784
32880
32977
33020
33115
33175
33213
33312
33356
33445
33456
33502
33556
33604
33622
33687
33771
33801
33822
33907
33949
33960
33985
34024
34052
34061
34156
34204
34232
34303
34332
34373
34375
34474
34555
34638
34657
34688
34762
34810
34849
34939
34947
35037
35057
35063
35106
35197
35206
35276
35313
35370
35426
35438
35459
35514
35614
35615
35638
35709
35735
35770
35773
35827
35908
35990
36061
36075
36115
36150
36204
36219
36244
36299
36392
36403
36481
36483
36518
36606
36680
36713
36720
36728
36801
36886
36959
37058
37109
37128
37180
37214
37218
37259
37272
37314
37387
37467
37520
37595
37627
37678
37703
37734
37824
37895
37925
37949
37976
38036
38126
38223
38304
38361
38398
38433
38524
38536
38568
38668
38728
38807
38820
38876
38894
38903
39002
39028
39054
39154
39237
39248
39346
39366
39459
39481
39499
39504
39594
39615
39626
39643
39720
39760
39774
39797
39841
39889
39911
39994
39995
40001
40080
40091
40110
40192
40284
40357
40361
40439
40462
40537
40564
40601
40620
40659
40707
40788
40887
40897
40928
40956
41049
41101
41147
41234
41292
41347
41386
41416
41490
41569
41644
41698
41714
41763
41843
41867
41934
41951
42015
42073
42101
42130
42217
42225
42322
42389
42445
42516
42524
42619
42719
42805
42875
42911
42933
42978
43000
43052
43115
43127
43187
43220
43295
43376
43429
43498
43545
43548
43612
43703
43718
43724
43779
43846
43922
44009
44098
44107
44120
44201
44288
44289
44338
44423
44514
44577
44593
44633
44637
44650
44691
44758
44836
44908
44983
44987
45058
45158
45184
45251
45303
45373
45443
45497
45526
45571
45578
45658
45726
45729
45808
45836
45919
45946
45947
45992
46092
46153
46216
46287
46314
46354
46396
46406
46432
46486
46553
46609
46618
46690
46729
46810
46845
46862
46957
47006
47085
47152
47249
47265
47325
47388
47433
47483
47582
47608
47627
47662
47716
47759
47782
47873
47929
48025
48114
48183
48246
48284
48345
48393
48428
48472
48545
48639
48698
48751
48801
48875
48953
48992
49072
49074
49093
49125
49134
49135
49145
49171
49183
49218
49220
49284
49370
49447
49525
49535
49538
49563
49644
49654
49694
49767
49825
49827
49908
49982
50042
50081
50118
50154
50161
50182
50260
50275
50329
50373
50396
50416
50435
50494
50546
