346
435
479
502
525
579
592
602
682
708
770
867
904
910
993
1010
1100
1139
1214
1305
1362
1370
1466
1536
1554
1617
1653
1736
1750
1826
1862
1876
1911
1982
2022
2093
2182
2275
2296
2364
2414
2440
2513
2592
2682
2771
2827
2857
2867
2962
3017
3068
3077
3084
3119
3176
3242
3296
3315
3398
3417
3473
3505
3508
3583
3607
3705
3805
3860
3956
3984
4004
4022
4067
4077
4098
4189
4266
4269
4340
4365
4426
4514
4543
4570
4629
4631
4723
4754
4848
4927
4978
5018
5111
5190
5226
5233
5284
5366
5398
5495
5560
5571
5585
5646
5711
5799
5857
5887
5940
5944
5963
6044
6129
6136
6162
6199
6228
6244
6257
6336
6377
6463
6516
6592
6656
6709
6717
6768
6794
6836
6931
6938
7003
7072
7085
7116
7160
7176
7219
7312
7341
7368
7386
7407
7483
7486
7563
7639
7721
7771
7793
7836
7899
7920
7954
8041
8092
8120
8190
8196
8221
8287
8291
8343
8415
8436
8518
8522
8587
8609
8620
8650
8704
8752
8757
8772
8801
8900
8990
9033
9094
9192
9211
9258
9354
9436
9507
9517
9593
9601
9639
9722
9780
9812
9912
9956
9966
9975
9993
10060
10083
10090
10179
10278
10367
10391
10410
10495
10548
10572
10631
10709
10757
10783
10839
10906
10956
11026
11068
11162
11169
11200
11244
11324
11348
11416
11430
11497
11534
11537
11619
11653
11675
11681
11751
11805
11831
11922
11953
12028
12103
12186
12249
12262
12332
12405
12426
12469
12553
12603
12685
12703
12723
12725
12778
12820
12842
12918
13004
13028
13079
13123
13209
13274
13334
13350
13407
13415
13465
13528
13530
13533
13541
13589
13684
13713
13805
13816
13914
13932
14012
14030
14046
14096
14138
14144
14240
14317
14368
14393
14480
14512
14611
14708
14735
14775
14791
14841
14886
14891
14893
14898
14907
14987
15050
15091
15127
15150
15159
15165
15231
15297
15337
15398
15415
15477
15516
15600
15655
15738
15803
15810
15818
15872
15968
16062
16093
16107
16196
16240
16263
16318
16332
16376
16466
16508
16553
16591
16664
16680
16763
16787
16802
16888
16984
17017
17085
17100
17166
17238
17309
17336
17390
17393
17452
17473
17517
17531
17536
17547
17571
17670
17733
17815
17879
17953
17998
18024
18043
18115
18167
18189
18202
18211
18213
18302
18340
18357
18426
18444
18484
18525
18610
18656
18732
18800
18854
18953
19029
19125
19154
19249
19289
19330
19393
19402
19475
19527
19560
19642
19670
19696
19743
19783
19866
19877
19904
19963
20060
20069
20158
20251
20342
20412
20506
20594
20608
20639
20691
20764
20795
20890
20916
20955
21047
21074
21160
21228
21317
21407
21478
21516
21528
21566
21591
21657
21688
21750
21790
21884
21939
21947
22042
22078
22142
22210
22310
22316
22353
22453
22481
22568
22668
22749
22819
22864
22912
22936
22969
23061
23126
23210
23234
23311
23354
23425
23507
23551
23575
23672
23745
23776
23789
23810
23879
23936
24014
24083
24147
24149
24203
24258
24264
24355
24447
24474
24564
24589
24655
24727
24776
24791
24855
24893
24939
24955
24971
25007
25094
25169
25213
25290
25351
25419
25432
25527
25611
25699
25748
25796
25848
25925
26018
26115
26129
26174
26200
26258
26263
26289
26329
26416
26479
26517
26534
26580
26620
26665
26735
26753
26766
26840
26928
26971
27021
27083
27090
27142
27152
27187
27239
27269
27312
27407
27472
27562
27639
27701
27774
27870
27934
27955
28022
28112
28163
28206
28285
28314
28406
28490
28557
28616
28636
28733
28805
28852
28906
28992
29040
29105
29201
29264
29299
29332
29424
29428
29513
29571
29580
29615
29661
29687
29737
29741
29805
29823
29857
29955
29980
30078
30131
30187
30234
30318
30356
30396
30420
30426
30509
30605
30662
30713
30744
30820
30889
30966
30978
31074
31139
31151
31185
31252
31285
31331
31404
31447
31452
31463
31491
31566
31616
31676
31695
31769
31815
31873
31881
31898
31954
31976
32008
32013
32083
32141
32179
32201
32290
32368
32395
32443
32539
32634
32716
32793
32830
32890
32918
32956
33017
33054
33072
33121
33128
33217
33279
33364
33384
33438
33492
33511
33554
33631
33670
33735
33740
33820
33859
33947
34044
34113
34151
34195
34247
34337
34402
34479
34522
34596
34672
34768
34814
34895
34913
34934
34975
35008
35055
35075
35106
35123
35138
35186
35255
35334
35409
35465
35522
35591
35615
35694
35709
35734
35798
35857
35870
35954
36011
36058
36063
36143
36219
36251
36329
36353
36374
36418
36509
36515
36529
36538
36632
36725
36726
36802
36841
36926
36949
36983
37047
37080
37173
37185
37235
37270
37360
37409
37444
37511
37516
37543
37609
37696
37713
37720
37755
37855
37917
37958
38058
38129
38189
38225
38240
38259
38341
38439
38521
38557
38642
38678
38732
38799
38820
38834
38858
38891
38906
38951
38968
39059
39083
39114
39143
39144
39185
39247
39312
39388
39424
39457
39542
39618
39642
39659
39710
39784
39803
39837
39849
39946
40001
40033
40128
40180
40206
40244
40321
40382
40431
40475
40490
40497
40516
40569
40617
40683
40746
40805
40851
40893
40962
41049
41093
41148
41200
41278
41359
41416
41455
41539
41632
41639
41733
41794
41870
41944
42001
42064
42151
42233
42260
42348
42366
42399
42407
42425
42452
42463
42498
42550
42589
42619
42716
42753
42801
42823
42901
43000
43010
43065
43139
43171
43270
43363
43434
43530
43612
43702
43780
43863
43909
43956
43974
44011
44054
44096
44147
44226
44237
44306
44398
44439
44468
44501
44534
44603
44688
44694
44696
44758
44785
44832
44908
44973
45031
45110
45199
45265
45330
45336
45356
45372
45414
45489
45576
45601
45684
45703
45763
45838
45876
45964
46011
46080
46155
46218
46255
46314
46351
46433
46480
46528
46606
46633
46655
46745
46812
46902
46927
46941
47032
47093
47192
47259
47320
47402
47414
47465
47490
47522
47532
47622
47715
47754
47836
47927
47956
48028
48126
48217
48234
48253
48296
48355
48430
48437
48463
48517
48541
48571
48632
48679
48756
48856
48858
48933
48938
48974
49069
49154
49213
49214
49231
49235
49284
49293
49350
49449
49501
49597
49604
49644
49670
49674
49756
49774
49837
49878
49887
49909
49937
49946
50042
50141
50196
50224
50229
50297
50368
50434
50485
50531
50611
50651
50739
50816
50902
50931
50959
