136
195
264
292
335
417
462
463
503
543
598
649
694
704
743
802
849
895
908
920
1003
1033
1121
1174
1203
1229
1305
1405
1463
1530
1557
1598
1658
1731
1825
1897
1902
1971
2053
2057
2067
2084
2166
2232
2295
2319
2365
2417
2513
2535
2568
2668
2721
2758
2846
2946
2957
3031
3080
3097
3152
3252
3302
3327
3334
3391
3433
3484
3547
3608
3623
3679
3746
3787
3882
3902
3944
4029
4095
4143
4170
4184
4197
4276
4331
4337
4363
4418
4478
4545
4632
4693
4745
4763
4831
4872
4920
4966
5047
5136
5141
5210
5270
5310
5345
5399
5484
5537
5615
5659
5687
5690
5716
5724
5761
5840
5869
5919
5923
5964
6063
6157
6185
6239
6336
6432
6447
6453
6509
6559
6630
6631
6632
6713
6812
6840
6904
6976
7029
7032
7120
7132
7206
7266
7294
7362
7409
7493
7572
7653
7723
7751
7778
7837
7915
8001
8056
8141
8191
8218
8301
8342
8358
8379
8432
8441
8459
8477
8532
8563
8595
8621
8636
8730
8736
8812
8897
8935
9031
9098
9161
9163
9244
9311
9381
9383
9433
9443
9529
9597
9669
9702
9740
9755
9848
9926
10011
10072
10169
10190
10280
10297
10361
10385
10436
10442
10465
10500
10584
10630
10685
10715
10738
10825
10844
10928
11013
11105
11199
11278
11362
11458
11491
11577
11638
11703
11764
11844
11872
11876
11932
11944
12017
12040
12060
12078
12100
12118
12194
12246
12319
12340
12380
12426
12503
12567
12598
12610
12623
12710
12806
12838
12915
13013
13091
13170
13197
13206
13301
13392
13485
13547
13576
13668
13719
13778
13872
13912
13990
14075
14154
14188
14265
14288
14306
14357
14416
14466
14557
14616
14664
14665
14727
14735
14801
14854
14869
14875
14888
14899
14929
14965
14967
14988
15058
15092
15107
15115
15128
15171
15200
15236
15278
15289
15308
15378
15396
15468
15522
15549
15623
15655
15748
15759
15788
15842
15934
15949
16009
16076
16097
16152
16193
16274
16278
16309
16333
16420
16515
16589
16665
16702
16759
16791
16810
16890
16949
16973
17003
17032
17105
17203
17261
17304
17401
17450
17493
17511
17541
17610
17665
17667
17686
17716
17805
17813
17819
17881
17947
17971
18056
18058
18116
18196
18249
18309
18320
18396
18453
18485
18546
18638
18669
18735
18828
18839
18841
18846
18926
19022
19025
19039
19106
19184
19225
19317
19348
19433
19448
19533
19543
19599
19689
19722
19772
19818
19821
19887
19958
20051
20100
20108
20184
20190
20244
20314
20338
20355
20443
20499
20502
20530
20591
20607
20707
20710
20729
20756
20848
20930
20944
20987
21084
21112
21211
21309
21365
21437
21483
21554
21617
21694
21781
21797
21896
21955
22050
22145
22219
22286
22324
22417
22447
22513
22597
22648
22651
22692
22782
22881
22882
22929
22956
23032
23082
23134
23209
23300
23318
23346
23347
23375
23445
23531
23600
23663
23683
23685
23702
23764
23810
23907
23955
23994
24073
24158
24199
24228
24262
24266
24338
24402
24432
24502
24510
24591
24594
24657
24686
24725
24800
24857
24889
24989
25052
25141
25146
25198
25212
25289
25373
25459
25529
25542
25567
25615
25629
25692
25725
25735
25798
25857
25881
25970
26039
26090
26107
26162
26247
26281
26350
26450
26455
26547
26606
26635
26672
26701
26747
26758
26800
26888
26918
26950
27005
27077
27123
27220
27282
27318
27415
27466
27531
27577
27585
27667
27704
27799
27805
27879
27928
28003
28074
28142
28147
28156
28180
28256
28296
28381
28434
28490
28522
28552
28616
28658
28679
28736
28745
28794
28807
28814
28869
28913
28993
29017
29092
29147
29233
29237
29280
29298
29318
29385
29455
29490
29543
29594
29681
29721
29808
29824
29826
29828
29838
29917
29999
30028
30030
30081
30161
30195
30213
30273
30368
30437
30445
30465
30509
30596
30667
30722
30742
30761
30771
30856
30888
30940
30986
31040
31051
31126
31149
31231
31266
31296
31396
31449
31483
31527
31545
31572
31649
31651
31743
31793
31822
31875
31967
32008
32048
32108
32172
32193
32274
32368
32450
32547
32572
32586
32605
32700
32727
32742
32834
32888
32902
32992
33059
33154
33223
33284
33378
33425
33472
33568
33600
33605
33607
33694
33713
33797
33848
33893
33993
34004
34008
34014
34086
34101
34123
34154
34212
34241
34294
34373
34463
34535
34599
34663
34759
34836
34933
34980
35062
35107
35201
35209
35275
35339
35435
35512
35596
35648
35660
35716
35813
35820
35885
35937
36015
36104
36144
36153
36239
36324
36388
36477
36491
36498
36576
36578
36643
36691
36702
36783
36811
36839
36905
36971
36988
37012
37112
37196
37249
37254
37283
37341
37361
37427
37445
37463
37485
37526
37623
37656
37710
37731
37827
37882
37893
37965
38040
38117
38192
38277
38307
38372
38408
38485
38576
38655
38676
38738
38834
38862
38923
38950
38979
38980
39066
39087
39164
39252
39312
39328
39370
39438
39509
39588
39640
39734
39786
39833
39879
39928
39956
39988
40009
40055
40106
40152
40198
40295
40349
40409
40438
40506
40565
40625
40705
40713
40784
40869
40915
40943
40996
41025
41095
41160
41227
41279
41290
41379
41442
41533
41549
41551
41592
41687
41723
41771
41774
41805
41810
41859
41949
42043
42084
42116
42203
42276
42279
42306
42387
42437
42490
42510
42517
42584
42594
42614
42714
42750
42796
42884
42916
42935
43008
43061
43122
43207
43234
43285
43374
43399
43471
43517
43549
43625
43655
43737
43743
43816
43848
43906
43923
43971
44063
44084
44088
44103
44127
44156
44226
44322
44323
44380
44456
44504
44517
44532
44565
44646
44694
44704
44791
44846
44898
44995
45071
45161
45164
45244
45263
45352
45412
45482
45570
45640
45708
45783
45849
45879
45959
46010
46065
46067
46102
46168
46265
46358
46377
46382
46439
46501
46590
46615
46620
46628
46716
46778
46820
46862
46908
46926
47009
47063
47093
47124
47125
47178
47262
47357
47397
47463
47494
47565
47620
47717
47816
47907
47939
48012
48077
48167
48171
48263
48354
48431
48433
48469
48512
48548
48630
48650
48673
48717
48737
48837
48862
48918
48964
49015
49081
49163
49218
49301
49327
49392
49405
49476
49566
49624
49706
49719
49816
49909
49969
50047
50096
50156
50217
50269
50314
50391
50412
50484
50507
50572
50604
50693
50706
50737
50799
50865
50919
51013
51037
51072
