537
544
611
676
719
810
861
892
957
1022
1119
1134
1214
1270
1347
1355
1446
1473
1504
1588
1637
1691
1770
1870
1955
1969
2047
2147
2218
2234
2251
2321
2357
2361
2372
2465
2531
2545
2643
2737
2762
2836
2886
2911
2996
3054
3145
3176
3201
3231
3287
3384
3476
3562
3566
3661
3669
3722
3789
3859
3922
3944
4017
4026
4039
4132
4225
4275
4281
4311
4351
4365
4442
4459
4523
4611
4701
4739
4784
4820
4839
4841
4883
4925
4975
5044
5074
5144
5148
5216
5254
5263
5281
5330
5345
5385
5440
5505
5545
5573
5622
5652
5724
5757
5814
5824
5855
5870
5955
5982
5987
6039
6111
6137
6178
6205
6299
6304
6306
6376
6438
6534
6583
6605
6635
6688
6706
6791
6882
6977
7069
7159
7182
7236
7307
7405
7443
7500
7545
7595
7669
7769
7814
7823
7921
8003
8047
8137
8224
8279
8333
8431
8515
8599
8601
8628
8708
8741
8834
8909
8963
9051
9151
9174
9179
9262
9278
9293
9336
9435
9488
9558
9656
9684
9766
9785
9861
9949
10023
10110
10169
10189
10225
10288
10349
10406
10440
10459
10539
10589
10682
10761
10833
10897
10900
10901
10944
11030
11125
11151
11211
11260
11322
11347
11424
11499
11563
11638
11658
11742
11820
11852
11915
11986
12040
12055
12058
12059
12062
12147
12204
12234
12323
12336
12397
12448
12525
12565
12626
12683
12742
12771
12861
12931
12985
13031
13080
13094
13158
13203
13226
13326
13370
13441
13536
13603
13662
13667
13710
13801
13831
13846
13882
13930
14023
14058
14084
14111
14171
14199
14251
14256
14306
14367
14416
14485
14489
14517
14536
14595
14649
14712
14731
14738
14749
14781
14816
14872
14961
14980
15030
15060
15149
15153
15198
15206
15207
15223
15276
15292
15375
15405
15488
15567
15571
15656
15681
15763
15853
15880
15895
15949
15987
16020
16040
16120
16135
16147
16148
16221
16307
16317
16416
16427
16482
16573
16662
16681
16719
16798
16848
16880
16890
16937
16940
16991
17082
17160
17174
17230
17293
17321
17362
17363
17456
17473
17542
17642
17659
17738
17828
17900
17960
18051
18107
18120
18134
18138
18193
18241
18284
18325
18423
18467
18491
18532
18607
18608
18653
18694
18762
18789
18828
18919
18962
18971
19007
19103
19175
19273
19326
19367
19458
19493
19505
19554
19603
19638
19685
19687
19760
19796
19811
19906
20000
20075
20136
20212
20245
20301
20311
20405
20503
20545
20636
20644
20715
20782
20802
20805
20886
20895
20942
21034
21075
21134
21190
21265
21333
21417
21444
21506
21594
21624
21655
21737
21823
21918
21921
21979
22063
22113
22181
22203
22266
22267
22358
22394
22416
22512
22559
22639
22739
22782
22817
22820
22901
22956
23056
23076
23101
23183
23262
23357
23456
23542
23591
23612
23690
23697
23796
23828
23845
23895
23943
23999
24009
24045
24052
24131
24221
24270
24324
24397
24402
24467
24546
24566
24613
24659
24723
24733
24790
24876
24903
24929
24973
25016
25039
25079
25173
25273
25303
25325
25385
25445
25474
25564
25580
25654
25686
25761
25847
25940
25955
26005
26093
26106
26114
26171
26219
26222
26229
26323
26391
26430
26456
26459
26517
26528
26581
26658
26660
26672
26772
26826
26884
26982
26991
27055
27085
27180
27208
27247
27293
27320
27342
27435
27457
27464
27539
27558
27586
27659
27723
27736
27807
27818
27846
27936
28031
28059
28075
28138
28167
28220
28309
28365
28377
28463
28523
28613
28693
28763
28861
28879
28979
29072
29096
29147
29238
29243
29261
29280
29343
29349
29368
29457
29533
29599
29667
29729
29763
29832
29864
29955
30016
30060
30152
30198
30226
30274
30305
30399
30496
30556
30627
30707
30708
30742
30747
30813
30913
30964
31032
31048
31078
31087
31105
31205
31270
31284
31380
31425
31509
31597
31602
31614
31713
31794
31873
31933
32028
32092
32184
32202
32282
32363
32444
32515
32563
32634
32710
32739
32747
32838
32915
32982
33054
33125
33196
33293
33336
33431
33514
33578
33589
33592
33660
33716
33739
33786
33885
33920
33948
33964
34002
34037
34124
34142
34145
34153
34188
34230
34330
34336
34366
34395
34493
34522
34551
34641
34731
34771
34859
34909
34947
35037
35042
35103
35151
35230
35287
35337
35424
35523
35578
35665
35676
35730
35773
35846
35852
35865
35965
36002
36055
36138
36185
36267
36314
36358
36427
36500
36580
36608
36694
36779
36804
36814
36877
36907
37000
37005
37044
37064
37096
37151
37227
37238
37336
37345
37360
37438
37501
37532
37604
37653
37692
37789
37852
37881
37884
37918
37926
37927
37996
38065
38140
38162
38192
38274
38303
38399
38463
38521
38606
38706
38739
38784
38807
38825
38893
38921
38935
38943
38952
39049
39058
39078
39099
39193
39221
39319
39361
39429
39502
39522
39562
39662
39713
39812
39843
39942
39948
40019
40046
40130
40147
40148
40187
40224
40311
40342
40352
40448
40483
40549
40577
40639
40657
40714
40735
40801
40859
40899
40938
40954
41031
41080
41099
41123
41217
41312
41389
41393
41447
41547
41608
41666
41758
41765
41825
41866
41944
41954
42026
42124
42153
42252
42280
42281
42356
42453
42502
42533
42626
42654
42693
42755
42810
42881
42924
43011
43047
43092
43185
43238
43271
43290
43365
43457
43542
43604
43612
43680
43681
43732
43829
43922
43941
44012
44062
44065
44158
44244
44300
44306
44390
44467
44493
44572
44599
44612
44709
44736
44793
44808
44837
44845
44878
44897
44993
45044
45048
45051
45127
45138
45222
45279
45326
45387
45418
45443
45469
45479
45521
45582
45612
45624
45688
45773
45835
45854
45934
45965
46018
46093
46170
46224
46242
46293
46341
46385
46398
46453
46478
46491
46590
46639
46718
46735
46780
46818
46880
46956
47047
47061
47086
47124
47203
47217
47301
47377
47445
47534
47556
47588
47631
47702
47745
47811
47823
47853
47865
47868
47925
48023
48027
48048
48081
48083
48153
48174
48264
48363
48383
48470
48510
48567
48627
48706
48762
48791
48828
48841
48904
48995
49010
49098
49107
49164
49234
49296
49322
49323
49365
49442
49500
49544
49565
49625
49653
49703
49762
49844
49846
49906
49998
50005
50049
50111
50126
50220
50310
50336
50390
50394
50419
50421
50480
50571
50625
50647
50697
50752
50774
50806
50896
50937
50997
51084
51183
51199
51273
51334
51395
51410
51472
51479
