936
1034
1061
1073
1096
1134
1142
1158
1230
1325
1425
1438
1482
1493
1576
1603
1609
1670
1769
1820
1866
1917
1994
2056
2130
2217
2282
2332
2419
2474
2566
2640
2642
2704
2716
2718
2756
2801
2849
2943
3025
3076
3124
3186
3248
3274
3295
3347
3411
3434
3499
3571
3662
3721
3728
3799
3865
3872
3930
3962
4022
4041
4070
4140
4227
4300
4325
4415
4509
4538
4608
4682
4713
4737
4759
4777
4857
4867
4890
4967
5013
5105
5184
5216
5303
5364
5448
5509
5549
5610
5669
5712
5729
5765
5777
5876
5894
5985
6062
6157
6241
6321
6420
6473
6569
6659
6745
6759
6840
6914
6939
6981
7062
7087
7149
7173
7176
7245
7321
7366
7456
7509
7552
7579
7602
7662
7669
7741
7789
7793
7866
7885
7935
8009
8107
8157
8240
8317
8381
8412
8457
8479
8546
8580
8657
8751
8807
8898
8987
9072
9158
9176
9221
9224
9303
9352
9387
9391
9456
9499
9529
9582
9645
9721
9753
9758
9791
9796
9807
9864
9963
10014
10113
10168
10187
10197
10244
10308
10371
10449
10503
10525
10544
10634
10709
10747
10767
10860
10899
10923
10963
11050
11138
11199
11268
11288
11361
11427
11464
11473
11520
11616
11656
11747
11754
11819
11881
11971
11992
12016
12093
12158
12175
12193
12262
12334
12403
12428
12482
12512
12587
12623
12697
12729
12818
12826
12910
12979
13015
13084
13114
13194
13243
13273
13338
13429
13440
13454
13504
13505
13565
13665
13726
13744
13812
13851
13899
13945
14002
14025
14088
14168
14224
14230
14274
14278
14347
14360
14388
14427
14445
14498
14504
14512
14541
14554
14633
14692
14712
14740
14803
14868
14939
15037
15048
15052
15123
15206
15221
15267
15301
15384
15469
15555
15606
15689
15743
15789
15817
15904
15999
16082
16102
16188
16287
16339
16342
16357
16397
16417
16514
16540
16584
16604
16669
16769
16828
16903
16948
17010
17053
17100
17154
17207
17232
17300
17371
17439
17475
17496
17587
17597
17686
17691
17774
17822
17893
17971
18025
18075
18134
18170
18200
18214
18304
18358
18415
18509
18583
18677
18726
18814
18892
18962
19013
19085
19093
19169
19227
19255
19292
19345
19442
19496
19593
19666
19761
19829
19830
19852
19932
20030
20077
20177
20201
20228
20326
20379
20399
20494
20522
20532
20627
20718
20805
20825
20896
20956
21035
21054
21064
21121
21215
21274
21296
21374
21430
21504
21539
21616
21691
21715
21794
21808
21861
21936
22011
22072
22157
22222
22264
22284
22356
22443
22456
22544
22608
22654
22656
22680
22760
22830
22929
22954
23029
23051
23146
23211
23305
23397
23435
23481
23529
23609
23612
23679
23701
23719
23753
23763
23765
23792
23831
23928
23977
24048
24050
24073
24127
24183
24199
24252
24287
24329
24349
24356
24448
24484
24515
24576
24627
24722
24778
24868
24951
25014
25045
25096
25175
25233
25291
25382
25400
25452
25507
25561
25593
25687
25772
25828
25875
25906
25944
25972
25979
26013
26015
26025
26043
26087
26099
26187
26231
26284
26291
26312
26315
26413
26437
26505
26584
26641
26670
26679
26709
26713
26811
26878
26925
26950
26978
26991
27087
27164
27232
27255
27289
27336
27342
27394
27419
27480
27578
27637
27693
27768
27801
27881
27960
28030
28104
28141
28145
28239
28278
28298
28372
28389
28428
28457
28545
28571
28651
28673
28768
28820
28873
28909
29001
29020
29043
29139
29237
29314
29414
29443
29491
29575
29591
29648
29652
29653
29711
29751
29814
29831
29907
29994
30077
30105
30205
30258
30315
30335
30356
30359
30417
30475
30487
30572
30672
30673
30721
30764
30776
30837
30843
30883
30888
30964
31060
31083
31154
31162
31235
31262
31345
31403
31461
31554
31596
31684
31715
31746
31753
31788
31810
31883
31915
31969
32002
32010
32084
32132
32200
32207
32217
32283
32317
32364
32377
32410
32464
32478
32527
32562
32654
32702
32783
32880
32934
32961
33002
33041
33134
33196
33274
33298
33385
33396
33430
33467
33509
33555
33602
33702
33758
33790
33883
33970
33995
34065
34146
34167
34206
34256
34288
34318
34346
34418
34499
34561
34608
34610
34681
34706
34743
34745
34781
34810
34849
34874
34922
34935
34968
35000
35074
35120
35187
35244
35339
35359
35374
35396
35470
35486
35541
35602
35699
35716
35804
35832
35913
36013
36058
36110
36189
36250
36302
36389
36394
36457
36490
36577
36616
36658
36725
36735
36736
36755
36765
36773
36841
36937
36948
36966
37029
37071
37073
37131
37229
37324
37331
37379
37473
37541
37576
37667
37711
37799
37850
37916
37999
38076
38090
38115
38157
38193
38227
38323
38334
38432
38463
38509
38510
38577
38663
38743
38787
38887
38971
39038
39060
39160
39163
39245
39254
39269
39272
39345
39405
39446
39453
39547
39551
39599
39655
39710
39781
39805
39813
39903
39959
40047
40093
40135
40170
40216
40260
40338
40405
40470
40534
40621
40625
40680
40698
40731
40790
40845
40899
40982
41046
41133
41195
41223
41307
41351
41358
41399
41484
41498
41545
41573
41629
41671
41699
41786
41809
41895
41969
41983
42082
42181
42214
42246
42311
42409
42467
42500
42590
42604
42704
42717
42763
42847
42850
42929
42933
43029
43119
43123
43165
43219
43258
43353
43416
43420
43508
43534
43593
43594
43631
43653
43698
43785
43843
43850
43859
43887
43909
43945
43966
44041
44132
44185
44247
44321
44421
44494
44515
44523
44593
44623
44658
44670
44695
44789
44851
44875
44945
45037
45064
45076
45079
45165
45236
45275
45353
45435
45477
45554
45650
45701
45736
45795
45825
45889
45948
46024
46073
46154
46166
46247
46346
46391
46478
46551
46628
46638
46651
46664
46693
46776
46853
46908
46941
47008
47070
47083
47090
47091
47170
47263
47323
47400
47448
47455
47498
47593
47631
47643
47669
47709
47753
47776
47857
47891
47991
48084
48113
48148
48198
48275
48326
48369
48395
48418
48469
48512
48560
48579
48634
48730
48784
48866
48873
48901
48956
49037
49127
49210
49278
49324
49386
49462
49478
49507
49510
49597
49671
49726
49780
49863
49880
49978
50005
50016
50050
50135
50176
50226
50266
50271
50360
50453
50528
50565
50636
50727
50731
50825
50846
50868
50895
50910
50937
51010
51052
51150
51165
51170
51202
51271
51364
51425
51434
51510
51514
51550
51551
51552
51573
51579
51625
51636
51644
51720
51755
51833
