115
140
192
238
292
340
438
522
570
662
689
724
767
803
808
834
863
918
986
1066
1161
1210
1273
1299
1371
1407
1455
1511
1571
1574
1603
1684
1735
1808
1845
1900
1907
1921
1969
1998
2030
2033
2124
2209
2237
2295
2355
2441
2476
2521
2552
2600
2689
2782
2856
2920
2964
2985
3083
3131
3167
3200
3291
3301
3328
3333
3393
3440
3533
3598
3625
3653
3658
3756
3842
3918
3962
3990
4086
4120
4160
4208
4234
4270
4357
4389
4396
4413
4455
4490
4576
4640
4682
4691
4743
4796
4872
4942
5002
5024
5076
5142
5177
5194
5224
5258
5287
5325
5365
5368
5379
5444
5536
5557
5633
5699
5759
5814
5911
5990
6086
6181
6252
6291
6367
6430
6432
6476
6502
6548
6553
6646
6685
6725
6753
6768
6793
6844
6870
6897
6910
6945
6965
7055
7087
7171
7189
7213
7235
7309
7351
7384
7428
7481
7563
7649
7748
7802
7860
7893
7912
7991
8030
8115
8172
8228
8284
8329
8402
8446
8452
8550
8590
8653
8655
8736
8782
8791
8868
8917
8998
9036
9104
9146
9171
9223
9310
9365
9403
9404
9442
9495
9501
9576
9656
9657
9722
9742
9768
9776
9838
9894
9896
9899
9966
10023
10122
10129
10142
10203
10268
10331
10358
10418
10464
10468
10469
10525
10568
10638
10732
10803
10806
10848
10883
10906
10976
11043
11071
11093
11163
11226
11284
11354
11370
11398
11455
11542
11554
11569
11588
11595
11635
11681
11728
11774
11830
11883
11921
11934
11967
11978
12010
12103
12192
12250
12345
12427
12501
12580
12664
12699
12793
12842
12939
12987
13061
13062
13154
13187
13213
13294
13299
13350
13405
13490
13587
13639
13715
13729
13811
13868
13925
13957
13964
14059
14134
14135
14170
14222
14314
14354
14385
14464
14512
14567
14612
14655
14666
14672
14676
14690
14764
14814
14856
14938
15034
15127
15136
15200
15278
15332
15372
15469
15521
15544
15623
15633
15702
15723
15795
15856
15903
15986
16006
16103
16131
16183
16278
16324
16366
16449
16459
16533
16543
16556
16568
16655
16680
16699
16770
16815
16827
16848
16908
16962
17033
17069
17155
17249
17286
17378
17456
17485
17557
17572
17664
17673
17761
17796
17894
17923
17956
18018
18101
18171
18241
18311
18350
18372
18432
18472
18567
18572
18666
18739
18798
18892
18966
18985
19071
19154
19188
19254
19270
19328
19369
19400
19418
19434
19513
19516
19534
19582
19681
19699
19736
19747
19838
19852
19942
19947
19962
19973
20046
20078
20128
20217
20269
20322
20360
20435
20437
20508
20536
20602
20670
20677
20725
20801
20869
20900
20977
21007
21088
21151
21198
21234
21315
21320
21387
21457
21553
21621
21698
21716
21736
21798
21889
21973
22025
22037
22052
22077
22087
22096
22107
22150
22221
22233
22283
22342
22403
22478
22511
22586
22613
22706
22795
22817
22822
22877
22895
22944
22959
23039
23086
23094
23168
23226
23266
23335
23377
23453
23502
23592
23614
23630
23675
23722
23784
23814
23832
23922
24007
24083
24133
24190
24290
24363
24424
24488
24493
24522
24528
24531
24622
24637
24670
24714
24745
24832
24872
24941
25032
25117
25166
25198
25289
25357
25388
25471
25527
25614
25654
25754
25798
25853
25893
25897
25932
25952
25956
26050
26119
26214
26284
26285
26317
26402
26492
26556
26632
26710
26746
26812
26855
26916
26966
27025
27037
27134
27143
27184
27207
27211
27299
27314
27407
27507
27549
27552
27597
27647
27717
27746
27835
27864
27920
27989
27995
28040
28087
28156
28179
28226
28298
28335
28377
28460
28507
28604
28694
28729
28810
28869
28932
28960
29041
29061
29127
29130
29170
29216
29299
29374
29437
29532
29608
29628
29716
29757
29771
29780
29807
29829
29868
29937
29944
29956
29977
30025
30104
30186
30210
30249
30335
30435
30476
30548
30634
30728
30819
30839
30924
30975
31061
31104
31135
31155
31194
31226
31259
31306
31342
31440
31467
31566
31615
31678
31730
31772
31834
31895
31964
32007
32022
32093
32112
32180
32249
32319
32350
32421
32433
32488
32533
32552
32563
32620
32666
32732
32829
32896
32989
33035
33088
33132
33141
33146
33171
33223
33320
33397
33413
33428
33508
33510
33525
33568
33662
33669
33680
33779
33804
33841
33890
33956
34006
34018
34113
34164
34232
34263
34287
34339
34355
34392
34446
34482
34549
34648
34717
34760
34816
34847
34899
34936
35006
35031
35038
35096
35151
35163
35209
35241
35287
35328
35359
35397
35405
35406
35458
35502
35531
35605
35677
35711
35751
35794
35886
35954
36027
36123
36197
36207
36239
36269
36277
36326
36334
36413
36415
36456
36544
36590
36671
36688
36689
36741
36786
36818
36866
36939
37003
37028
37085
37110
37146
37191
37203
37210
37251
37343
37412
37510
37564
37578
37618
37633
37667
37723
37736
37811
37846
37934
37952
38002
38076
38127
38194
38254
38298
38302
38378
38394
38478
38557
38593
38664
38746
38821
38893
38905
38939
39031
39105
39180
39276
39296
39374
39466
39476
39507
39533
39547
39622
39688
39756
39800
39807
39874
39967
39991
40042
40122
40124
40159
40207
40210
40240
40248
40288
40361
40395
40472
40555
40642
40652
40670
40750
40808
40907
40929
41023
41087
41161
41191
41274
41288
41318
41388
41442
41461
41534
41541
41628
41676
41692
41757
41800
41833
41864
41919
41971
41975
42045
42061
42156
42181
42263
42346
42365
42407
42434
42528
42592
42674
42719
42763
42839
42844
42916
42952
42995
43019
43044
43063
43066
43135
43178
43260
43281
43282
43330
43345
43438
43507
43594
43686
43785
43854
43868
43946
44037
44087
44111
44121
44141
44233
44270
44369
44444
44541
44604
44678
44752
44779
44827
44880
44927
44950
44965
45028
45113
45203
45259
45284
45285
45374
45427
45469
45478
45534
45598
45672
45766
45803
45816
45854
45918
45972
45973
46015
46108
46145
46219
46308
46339
46422
46501
46557
46568
46571
46597
46604
46620
46720
46783
46784
46884
46947
47010
47053
47110
47179
47240
47290
47371
47393
47446
47530
47630
47659
47733
47794
47844
47865
47946
48037
48061
48087
48136
48159
48236
48324
48358
48422
48431
48514
48612
48672
48728
48827
48890
48969
49004
49038
49065
49158
49182
49195
49219
49226
49252
49331
49403
49488
49492
49495
49516
49540
49629
49716
49773
49835
49928
49975
50014
50084
