311
408
489
576
668
700
741
837
915
938
963
1049
1135
1178
1249
1327
1373
1391
1410
1467
1495
1497
1595
1621
1686
1708
1737
1795
1846
1914
1992
2081
2137
2168
2176
2181
2197
2226
2303
2332
2416
2419
2439
2524
2566
2606
2676
2718
2726
2813
2898
2909
2946
2977
2999
3004
3043
3077
3147
3186
3255
3298
3376
3428
3494
3581
3599
3650
3652
3730
3770
3835
3898
3906
3979
4032
4109
4113
4132
4140
4187
4282
4375
4442
4494
4519
4607
4609
4644
4704
4759
4816
4834
4865
4954
4977
5005
5081
5108
5119
5161
5184
5242
5262
5336
5337
5420
5488
5575
5613
5644
5696
5730
5790
5820
5868
5950
6020
6101
6129
6190
6200
6265
6313
6314
6366
6389
6468
6529
6595
6614
6662
6671
6699
6757
6824
6894
6911
7011
7110
7129
7201
7274
7343
7352
7391
7463
7528
7543
7618
7678
7718
7773
7857
7869
7890
7895
7919
7922
7943
7979
8023
8087
8154
8193
8257
8301
8309
8370
8426
8445
8459
8494
8551
8584
8626
8633
8723
8811
8874
8971
9009
9012
9104
9180
9268
9310
9345
9422
9465
9505
9515
9586
9683
9710
9760
9779
9819
9841
9883
9908
9993
10076
10108
10178
10218
10267
10343
10363
10371
10471
10563
10627
10717
10732
10821
10844
10858
10954
11031
11074
11082
11177
11238
11280
11365
11402
11453
11538
11542
11603
11673
11741
11754
11822
11832
11892
11939
11947
11959
12012
12100
12157
12192
12262
12323
12416
12458
12534
12613
12632
12702
12714
12772
12791
12806
12866
12890
12926
12964
12995
13010
13038
13088
13107
13198
13260
13313
13402
13465
13539
13554
13637
13704
13800
13877
13893
13933
13952
14052
14059
14080
14122
14204
14272
14320
14357
14455
14495
14505
14554
14581
14638
14704
14738
14789
14836
14928
14944
15000
15094
15096
15186
15221
15321
15375
15451
15549
15649
15700
15793
15883
15944
15980
16045
16056
16066
16128
16137
16201
16275
16297
16362
16386
16453
16455
16496
16549
16612
16668
16721
16737
16780
16849
16900
16952
16962
17044
17077
17165
17171
17241
17267
17313
17329
17337
17428
17500
17542
17622
17697
17713
17746
17792
17819
17841
17863
17929
17967
17980
18079
18117
18144
18202
18284
18380
18417
18476
18486
18565
18605
18679
18700
18766
18776
18805
18901
18944
19013
19071
19131
19144
19200
19294
19346
19442
19466
19495
19564
19654
19712
19808
19828
19832
19838
19842
19856
19903
19955
19972
20000
20061
20100
20198
20274
20303
20374
20419
20492
20553
20613
20700
20768
20807
20896
20951
20989
21049
21092
21160
21254
21297
21316
21324
21381
21458
21462
21493
21524
21555
21644
21728
21789
21854
21942
22010
22016
22048
22069
22080
22120
22132
22136
22169
22184
22269
22364
22462
22543
22579
22618
22630
22702
22718
22728
22790
22847
22935
22981
23061
23069
23116
23119
23131
23158
23172
23185
23285
23328
23380
23445
23527
23563
23611
23623
23648
23658
23750
23832
23894
23944
24001
24043
24087
24100
24115
24151
24190
24283
24349
24426
24488
24545
24624
24721
24746
24762
24772
24788
24839
24890
24929
25012
25058
25133
25195
25288
25345
25436
25479
25544
25551
25636
25663
25672
25699
25745
25816
25825
25862
25870
25964
26006
26062
26130
26224
26268
26353
26428
26521
26611
26694
26746
26835
26923
26924
26994
27055
27127
27147
27181
27222
27321
27385
27459
27460
27541
27623
27691
27727
27799
27820
27884
27912
27972
27988
28028
28121
28192
28254
28349
28433
28522
28618
28663
28713
28714
28758
28791
28883
28959
29009
29039
29085
29099
29176
29205
29276
29337
29404
29474
29562
29600
29663
29734
29757
29834
29876
29908
29962
30048
30130
30133
30222
30284
30377
30443
30479
30555
30648
30698
30723
30816
30883
30936
30993
31026
31027
31105
31117
31177
31194
31197
31273
31344
31407
31419
31432
31507
31576
31612
31613
31696
31741
31745
31759
31771
31820
31846
31882
31891
31939
31990
32050
32071
32079
32153
32241
32309
32311
32332
32358
32418
32443
32502
32602
32675
32682
32742
32814
32910
32951
32953
32987
33068
33144
33151
33178
33232
33327
33382
33415
33455
33505
33565
33663
33747
33835
33838
33856
33887
33943
34014
34055
34121
34211
34293
34326
34389
34424
34426
34495
34595
34694
34733
34758
34826
34876
34918
34980
35046
35125
35195
35292
35377
35468
35557
35615
35700
35784
35818
35887
35897
35958
36014
36065
36159
36234
36275
36286
36302
36377
36469
36471
36513
36575
36640
36649
36652
36722
36799
36819
36907
36955
36973
37029
37095
37148
37154
37169
37173
37206
37229
37277
37351
37360
37411
37414
37418
37463
37557
37566
37573
37580
37651
37671
37687
37776
37844
37943
37960
37997
38020
38087
38147
38158
38166
38172
38190
38221
38257
38340
38358
38405
38445
38543
38555
38654
38702
38710
38740
38798
38834
38922
38970
39003
39057
39067
39073
39121
39162
39261
39265
39319
39354
39357
39367
39374
39390
39438
39526
39549
39553
39556
39605
39612
39621
39683
39758
39827
39851
39865
39963
40019
40115
40210
40245
40336
40391
40481
40553
40606
40622
40674
40681
40763
40794
40835
40899
40905
40990
41029
41084
41125
41175
41220
41251
41268
41292
41319
41410
41467
41520
41600
41620
41714
41800
41830
41848
41870
41902
41999
42026
42086
42153
42215
42280
42316
42367
42466
42549
42559
42565
42636
42640
42715
42799
42805
42814
42865
42879
42887
42963
43027
43117
43173
43218
43265
43357
43420
43480
43528
43587
43672
43764
43807
43815
43915
43926
43994
44026
44074
44165
44178
44179
44250
44319
44390
44468
44500
44551
44559
44612
44622
44669
44750
44826
44893
44905
44947
45020
45102
45134
45211
45228
45299
45399
45445
45457
45525
45604
45703
45789
45849
45902
45984
46055
46107
46109
46183
46216
46227
46320
46399
46440
46524
46624
46648
46694
46733
46774
46784
46809
46887
46939
46954
47049
47137
47236
47305
47328
47346
47429
47508
47567
47571
47578
47616
47629
47718
47755
47763
47783
47874
47879
47910
47940
47979
47981
48000
48082
48086
48135
48214
48283
48285
48355
48425
48495
48519
48526
48606
48627
48671
48752
48821
48833
48903
48981
49001
49101
49105
49115
49197
49229
49234
49248
49315
49317
49415
49472
49480
49559
49588
49646
49690
49773
49820
49826
49837
