579
620
674
705
782
855
885
950
960
1038
1044
1075
1124
1132
1179
1256
1261
1279
1347
1376
1475
1510
1527
1592
1610
1643
1677
1723
1764
1840
1847
1927
2021
2033
2064
2081
2119
2196
2277
2355
2405
2447
2464
2480
2567
2652
2724
2744
2807
2823
2916
2972
3036
3122
3203
3227
3279
3348
3374
3450
3535
3593
3646
3661
3721
3774
3874
3933
3968
3994
4030
4064
4090
4094
4155
4208
4224
4240
4317
4398
4412
4457
4503
4557
4603
4654
4717
4812
4853
4927
4938
5018
5034
5088
5170
5248
5268
5310
5367
5402
5475
5519
5594
5691
5773
5809
5880
5918
5954
6007
6081
6163
6172
6224
6252
6314
6379
6474
6488
6546
6570
6608
6647
6722
6798
6801
6816
6843
6910
6953
6954
6980
7029
7120
7138
7160
7196
7211
7241
7309
7385
7441
7483
7504
7556
7612
7635
7670
7694
7716
7779
7861
7895
7915
8015
8109
8190
8223
8274
8291
8351
8366
8368
8383
8430
8440
8460
8525
8581
8627
8673
8773
8868
8958
9043
9060
9139
9155
9172
9235
9241
9248
9313
9389
9433
9434
9525
9549
9608
9643
9690
9755
9824
9838
9891
9965
9992
9999
10049
10053
10120
10153
10196
10203
10243
10291
10381
10459
10541
10583
10655
10751
10770
10830
10871
10872
10941
10961
11022
11067
11161
11181
11182
11203
11285
11370
11464
11554
11622
11665
11695
11779
11850
11877
11936
12019
12034
12100
12112
12145
12165
12214
12265
12341
12376
12413
12481
12520
12541
12543
12616
12672
12711
12729
12812
12828
12848
12864
12867
12923
12992
12995
13056
13085
13087
13116
13151
13199
13258
13350
13421
13510
13554
13652
13711
13771
13787
13812
13907
13978
14029
14110
14185
14226
14271
14338
14390
14489
14503
14524
14578
14672
14770
14791
14821
14864
14919
15011
15095
15160
15166
15226
15292
15349
15418
15498
15532
15601
15650
15718
15736
15745
15810
15902
15938
16007
16033
16092
16166
16211
16287
16306
16341
16401
16480
16518
16549
16555
16611
16666
16731
16761
16797
16855
16881
16968
17052
17139
17176
17201
17223
17306
17345
17376
17440
17511
17589
17615
17623
17704
17753
17829
17837
17840
17869
17943
18000
18078
18163
18221
18317
18402
18450
18530
18602
18634
18649
18740
18838
18905
18957
18978
19015
19054
19097
19191
19247
19259
19344
19412
19486
19581
19635
19662
19726
19780
19859
19865
19941
20007
20066
20159
20201
20208
20254
20338
20365
20379
20453
20488
20585
20616
20625
20669
20752
20832
20884
20903
20914
21005
21096
21167
21231
21246
21318
21322
21349
21399
21444
21450
21515
21566
21634
21684
21762
21859
21911
21978
22034
22088
22105
22121
22186
22237
22272
22282
22359
22437
22533
22624
22677
22735
22789
22883
22950
23049
23084
23114
23162
23226
23232
23275
23313
23396
23482
23484
23543
23618
23717
23773
23812
23825
23901
23977
24010
24032
24130
24142
24160
24181
24199
24223
24227
24291
24324
24330
24418
24422
24490
24493
24514
24582
24624
24635
24700
24717
24760
24840
24864
24962
24994
25053
25127
25129
25201
25261
25357
25406
25475
25481
25486
25543
25621
25707
25801
25857
25917
25993
26069
26137
26184
26246
26292
26294
26369
26382
26397
26473
26490
26569
26615
26626
26683
26774
26809
26875
26939
26952
26968
26972
27011
27027
27094
27170
27184
27283
27288
27351
27407
27451
27543
27618
27641
27680
27732
27777
27865
27943
27951
28049
28063
28117
28122
28134
28189
28205
28229
28290
28379
28409
28430
28522
28533
28582
28645
28698
28726
28774
28842
28905
29002
29041
29097
29107
29163
29186
29279
29322
29323
29360
29407
29487
29527
29564
29642
29648
29727
29732
29761
29783
29818
29916
29979
30005
30052
30063
30158
30198
30252
30310
30362
30400
30428
30508
30587
30618
30622
30639
30654
30678
30772
30810
30900
30907
31006
31026
31125
31181
31249
31256
31291
31295
31306
31329
31386
31406
31416
31437
31516
31564
31613
31679
31767
31863
31951
32050
32081
32104
32135
32139
32216
32232
32288
32344
32380
32384
32416
32515
32564
32568
32610
32645
32737
32753
32803
32852
32924
32997
33031
33044
33132
33187
33228
33280
33290
33344
33357
33404
33441
33508
33569
33663
33724
33737
33795
33832
33901
33988
34050
34124
34126
34152
34179
34266
34304
34360
34375
34396
34431
34498
34523
34617
34707
34780
34788
34820
34869
34961
35005
35015
35027
35126
35215
35299
35390
35416
35500
35503
35602
35607
35691
35768
35789
35828
35834
35839
35932
35996
36002
36096
36129
36190
36270
36344
36372
36422
36487
36538
36592
36667
36747
36813
36882
36936
36977
37051
37101
37136
37216
37249
37252
37349
37411
37485
37545
37587
37658
37726
37803
37823
37905
37989
38013
38027
38054
38145
38212
38301
38357
38451
38460
38473
38561
38633
38710
38803
38814
38898
38926
38934
39012
39091
39099
39168
39227
39322
39365
39418
39487
39534
39539
39553
39580
39680
39696
39743
39786
39880
39967
39995
40081
40141
40158
40212
40215
40226
40268
40316
40360
40406
40455
40469
40530
40617
40648
40739
40796
40892
40952
41044
41121
41133
41157
41190
41203
41282
41305
41356
41378
41385
41394
41426
41449
41521
41541
41557
41608
41629
41723
41737
41786
41856
41910
41996
42036
42059
42139
42143
42195
42286
42356
42400
42479
42560
42596
42599
42669
42717
42767
42867
42955
43041
43051
43076
43162
43215
43309
43325
43378
43393
43454
43553
43581
43603
43620
43694
43734
43793
43794
43877
43891
43942
44008
44090
44161
44217
44295
44309
44376
44390
44413
44466
44547
44600
44604
44702
44734
44766
44778
44792
44865
44957
44995
45078
45125
45155
45161
45250
45297
45370
45408
45468
45524
45576
45612
45650
45722
45777
45815
45856
45910
45963
45980
46065
46146
46170
46177
46211
46293
46320
46391
46474
46522
46527
46592
46689
46734
46786
46839
46867
46871
46877
46960
46963
47011
47083
47153
47195
47237
47326
47388
47428
47480
47571
47612
47648
47713
47727
47763
47857
47914
47930
48023
48033
48088
48098
48190
48237
48326
48347
48417
48455
48467
48501
48571
48624
48658
48661
48696
48715
48756
48816
48898
48980
49037
49062
49119
49160
49175
49209
49217
49244
49299
49357
49396
49450
49542
49594
49607
49673
49702
49784
49798
49831
49835
49856
49907
49924
49984
50034
