95
172
187
257
352
427
500
519
563
637
665
739
809
818
856
861
936
1032
1051
1109
1188
1286
1350
1433
1450
1489
1556
1599
1697
1727
1739
1747
1834
1928
1971
2059
2064
2124
2215
2264
2360
2433
2451
2468
2498
2590
2686
2766
2839
2887
2912
2938
3004
3036
3120
3167
3254
3283
3332
3408
3418
3442
3500
3540
3590
3600
3624
3708
3808
3847
3856
3862
3929
3932
3934
4008
4102
4112
4169
4257
4298
4347
4444
4493
4512
4595
4685
4749
4847
4855
4868
4886
4960
4966
5040
5105
5137
5189
5288
5333
5416
5419
5482
5551
5576
5660
5749
5760
5780
5782
5816
5833
5888
5894
5968
5978
6048
6141
6206
6250
6251
6337
6347
6371
6416
6449
6523
6606
6650
6728
6751
6813
6844
6932
7028
7066
7123
7215
7218
7243
7244
7308
7366
7395
7489
7503
7541
7551
7629
7715
7771
7830
7854
7890
7960
8027
8071
8145
8188
8251
8269
8280
8315
8382
8409
8442
8487
8575
8608
8663
8698
8783
8844
8919
8925
8979
9026
9107
9203
9209
9222
9282
9295
9394
9488
9498
9541
9542
9626
9670
9695
9733
9833
9914
9952
9953
9965
10045
10047
10112
10197
10260
10270
10335
10339
10356
10411
10446
10456
10549
10596
10667
10718
10795
10816
10906
10953
11047
11092
11133
11160
11174
11262
11278
11360
11416
11432
11484
11544
11607
11651
11674
11735
11780
11845
11849
11868
11890
11985
12016
12103
12134
12193
12219
12281
12322
12364
12403
12418
12455
12471
12515
12574
12672
12756
12812
12878
12954
13032
13118
13122
13131
13151
13215
13310
13343
13387
13413
13484
13549
13634
13683
13731
13770
13794
13835
13854
13901
13963
14055
14138
14156
14216
14300
14387
14482
14490
14493
14553
14579
14613
14697
14773
14788
14794
14885
14970
14972
14979
15061
15156
15158
15199
15286
15300
15341
15402
15479
15550
15575
15618
15654
15739
15832
15897
15970
16006
16009
16104
16147
16210
16256
16354
16384
16385
16443
16489
16498
16521
16621
16625
16693
16791
16864
16888
16964
16975
17032
17044
17089
17098
17119
17139
17211
17261
17271
17363
17414
17461
17472
17484
17493
17495
17591
17664
17716
17734
17811
17850
17914
17945
18045
18065
18164
18214
18230
18275
18276
18300
18359
18369
18416
18493
18514
18613
18660
18663
18735
18795
18845
18943
18948
19014
19030
19034
19052
19061
19075
19101
19191
19193
19213
19267
19362
19443
19542
19623
19688
19689
19730
19753
19780
19852
19869
19936
20006
20035
20106
20110
20111
20157
20234
20314
20341
20424
20478
20505
20528
20547
20551
20593
20646
20670
20682
20725
20766
20845
20934
21032
21081
21093
21163
21236
21326
21385
21390
21476
21575
21622
21682
21696
21697
21780
21837
21872
21873
21921
21975
22006
22042
22129
22144
22215
22228
22317
22403
22493
22518
22523
22618
22684
22703
22731
22815
22903
22948
22970
23033
23100
23176
23202
23267
23288
23362
23407
23467
23540
23577
23601
23635
23698
23725
23814
23871
23915
23943
23949
23960
24041
24109
24117
24166
24229
24246
24300
24394
24459
24486
24541
24615
24642
24698
24795
24889
24961
25015
25073
25145
25224
25293
25392
25434
25479
25487
25529
25620
25681
25703
25775
25866
25922
25953
26038
26133
26160
26252
26262
26304
26380
26414
26494
26594
26691
26738
26804
26877
26964
27058
27059
27087
27166
27181
27205
27262
27289
27332
27345
27360
27446
27520
27539
27610
27709
27714
27748
27841
27923
27976
28074
28109
28132
28158
28215
28282
28289
28387
28430
28473
28538
28618
28635
28711
28740
28789
28873
28959
29047
29050
29145
29243
29302
29319
29410
29473
29516
29536
29557
29637
29644
29668
29746
29790
29882
29937
30020
30074
30086
30138
30157
30257
30343
30367
30387
30396
30417
30492
30550
30572
30594
30607
30625
30713
30715
30726
30811
30847
30932
30943
31038
31124
31173
31271
31306
31311
31350
31368
31420
31457
31508
31589
31617
31703
31718
31771
31853
31914
31988
32029
32084
32116
32206
32278
32370
32419
32497
32535
32553
32580
32653
32690
32771
32862
32902
32957
32970
33053
33087
33156
33232
33277
33325
33393
33426
33503
33579
33635
33690
33706
33716
33717
33783
33798
33806
33835
33846
33943
34042
34142
34182
34268
34330
34370
34453
34505
34542
34623
34709
34805
34869
34904
34968
35006
35091
35190
35276
35366
35422
35486
35585
35588
35612
35659
35733
35804
35879
35909
35979
36007
36008
36077
36101
36150
36193
36255
36329
36390
36488
36522
36596
36622
36624
36626
36717
36736
36741
36826
36901
36945
37003
37058
37121
37130
37219
37269
37348
37375
37412
37419
37479
37527
37621
37656
37731
37774
37811
37884
37983
38039
38096
38133
38190
38258
38350
38391
38412
38455
38490
38491
38530
38548
38597
38618
38652
38686
38762
38825
38907
38968
39004
39054
39143
39180
39254
39327
39416
39498
39567
39665
39764
39786
39817
39873
39883
39947
40018
40057
40098
40193
40203
40247
40260
40322
40422
40470
40503
40528
40606
40704
40788
40814
40901
40974
41000
41092
41143
41185
41251
41333
41360
41403
41494
41517
41561
41592
41627
41684
41747
41781
41804
41859
41861
41914
41995
42002
42102
42123
42171
42190
42279
42352
42447
42477
42577
42670
42718
42734
42757
42812
42870
42871
42913
42914
42961
42969
43058
43127
43176
43218
43261
43287
43365
43368
43416
43506
43585
43631
43632
43683
43738
43743
43822
43875
43971
44023
44043
44143
44151
44206
44260
44358
44407
44480
44499
44560
44602
44611
44651
44711
44745
44768
44776
44838
44850
44866
44884
44936
44945
45029
45065
45148
45149
45161
45162
45223
45277
45342
45385
45459
45539
45624
45658
45758
45772
45866
45907
45994
46049
46092
46123
46189
46225
46254
46269
46333
46365
46435
46517
46565
46658
46727
46767
46774
46869
46912
46916
46941
46952
46953
47048
47132
47168
47218
47283
47378
47462
47525
47547
47615
47687
47701
47718
47817
47899
47902
47928
47975
48026
48109
48115
48186
48237
48331
48420
48427
48490
48542
48597
48618
48678
48704
48711
48762
48804
48885
48952
48983
49077
49111
49198
49264
49335
49410
49509
49542
49569
49632
49706
49751
49799
49891
49901
49994
50011
50056
50070
50146
50210
50261
50332
50423
50443
50528
50605
50655
50749
50761
50829
50897
50929
50985
