226
267
305
363
391
453
459
490
516
583
660
706
739
765
768
847
906
941
990
1051
1070
1139
1180
1269
1276
1314
1397
1422
1517
1557
1616
1671
1698
1752
1768
1852
1908
2007
2032
2103
2114
2167
2248
2329
2362
2437
2478
2546
2555
2598
2616
2628
2673
2674
2740
2791
2827
2914
3012
3070
3148
3202
3268
3355
3392
3492
3538
3540
3574
3623
3701
3787
3804
3856
3920
3978
3999
4067
4154
4194
4288
4373
4462
4488
4549
4559
4603
4693
4736
4795
4860
4861
4895
4953
4990
5015
5053
5091
5118
5151
5192
5289
5342
5426
5490
5498
5511
5570
5602
5682
5778
5840
5880
5937
5954
6046
6060
6126
6141
6170
6188
6218
6318
6390
6447
6530
6622
6672
6750
6803
6885
6888
6935
6948
7032
7063
7140
7231
7319
7351
7425
7471
7560
7598
7635
7712
7768
7860
7896
7902
7915
7999
8002
8082
8165
8244
8326
8353
8371
8394
8449
8453
8519
8557
8645
8653
8691
8734
8823
8916
8993
9065
9148
9204
9267
9308
9323
9366
9440
9501
9562
9641
9702
9797
9861
9955
10013
10072
10077
10096
10160
10226
10304
10377
10452
10531
10595
10629
10630
10711
10811
10818
10870
10956
10976
10983
11066
11089
11160
11260
11267
11308
11363
11366
11403
11502
11564
11580
11614
11665
11724
11814
11871
11911
11932
11955
12005
12078
12152
12193
12228
12255
12258
12291
12377
12459
12513
12569
12618
12649
12689
12750
12834
12913
12948
12957
13028
13063
13134
13139
13229
13238
13255
13347
13433
13438
13456
13535
13579
13642
13732
13787
13798
13843
13908
13924
13987
13997
14041
14051
14147
14186
14229
14296
14389
14459
14483
14532
14608
14703
14721
14814
14888
14930
14962
14987
14999
15075
15112
15188
15275
15301
15357
15415
15469
15476
15519
15564
15586
15650
15718
15808
15884
15955
15981
15983
16003
16078
16102
16141
16160
16205
16234
16251
16260
16351
16444
16522
16531
16614
16637
16662
16708
16711
16789
16808
16828
16919
16928
16969
17028
17119
17154
17207
17285
17359
17425
17461
17505
17578
17581
17671
17717
17769
17771
17842
17900
17966
18030
18075
18173
18237
18262
18297
18384
18392
18431
18451
18538
18624
18646
18713
18796
18855
18898
18922
18992
19052
19060
19111
19173
19259
19270
19309
19339
19371
19423
19433
19475
19573
19664
19684
19749
19837
19911
19966
20061
20083
20149
20214
20243
20301
20342
20399
20434
20493
20524
20541
20575
20583
20589
20657
20695
20770
20847
20909
20942
20993
21034
21064
21160
21249
21268
21270
21344
21402
21488
21566
21663
21699
21780
21805
21890
21913
21984
22061
22153
22180
22222
22281
22368
22414
22423
22479
22497
22520
22602
22694
22708
22734
22790
22791
22818
22863
22865
22937
22990
23057
23105
23167
23264
23284
23304
23315
23364
23399
23417
23460
23553
23606
23632
23692
23781
23850
23926
24006
24068
24100
24155
24223
24275
24339
24347
24378
24383
24422
24517
24545
24550
24573
24591
24607
24653
24693
24694
24748
24788
24835
24886
24983
24986
25052
25152
25187
25229
25288
25306
25325
25411
25486
25575
25654
25663
25719
25774
25835
25878
25892
25924
25972
26066
26126
26166
26202
26213
26215
26289
26337
26360
26363
26424
26430
26513
26602
26625
26722
26815
26841
26848
26855
26941
26981
27030
27064
27092
27113
27206
27261
27269
27294
27368
27464
27520
27600
27637
27645
27720
27803
27854
27936
28022
28110
28137
28163
28188
28263
28265
28267
28299
28330
28407
28444
28520
28597
28600
28645
28695
28735
28750
28791
28797
28889
28937
28990
29018
29049
29097
29131
29175
29248
29339
29431
29475
29529
29558
29623
29659
29726
29792
29857
29908
29950
29970
30059
30158
30202
30221
30269
30360
30419
30429
30494
30513
30587
30612
30683
30693
30715
30810
30840
30933
31027
31074
31122
31177
31185
31218
31294
31333
31336
31383
31388
31426
31436
31455
31515
31587
31645
31669
31727
31765
31844
31846
31924
32013
32075
32103
32175
32263
32340
32356
32407
32503
32530
32621
32681
32769
32839
32905
32928
33028
33099
33157
33215
33269
33313
33337
33390
33479
33574
33609
33662
33702
33802
33895
33994
34058
34101
34110
34158
34207
34240
34246
34326
34412
34483
34519
34613
34657
34697
34741
34788
34835
34880
34899
34925
34946
34982
34995
35006
35029
35118
35141
35144
35206
35302
35391
35452
35471
35565
35572
35611
35711
35734
35783
35828
35894
35899
35989
36082
36150
36151
36241
36340
36399
36485
36538
36566
36578
36653
36705
36759
36771
36836
36905
36919
36942
36949
37027
37041
37062
37114
37214
37250
37267
37302
37316
37390
37466
37558
37651
37670
37685
37779
37799
37819
37836
37878
37894
37978
37989
38014
38100
38193
38226
38291
38388
38427
38458
38539
38639
38707
38743
38819
38889
38919
38931
38940
38956
39004
39016
39116
39204
39254
39268
39275
39329
39333
39398
39484
39517
39536
39629
39686
39772
39855
39883
39966
39986
40025
40088
40094
40160
40231
40243
40293
40338
40407
40412
40487
40527
40537
40575
40617
40709
40748
40753
40805
40819
40884
40922
40996
41051
41151
41191
41269
41367
41382
41442
41454
41460
41509
41609
41695
41764
41812
41910
41957
41978
41995
42076
42164
42213
42223
42237
42302
42370
42468
42565
42638
42674
42697
42722
42794
42856
42946
42977
42984
43027
43074
43081
43117
43127
43168
43206
43266
43300
43332
43346
43418
43432
43508
43603
43641
43719
43725
43733
43773
43823
43874
43922
43970
44030
44093
44179
44239
44293
44364
44372
44422
44435
44527
44624
44685
44751
44820
44860
44931
44997
45022
45119
45131
45169
45192
45289
45308
45401
45456
45520
45555
45607
45669
45734
45766
45815
45877
45963
45992
46004
46047
46066
46076
46123
46195
46226
46251
46258
46330
46395
46429
46509
46593
46603
46605
46658
46746
46787
46829
46900
46930
47007
47045
47135
47201
47284
47289
47371
47399
47499
47574
47597
47613
47708
47801
47880
47899
47960
47972
47975
48021
48076
48115
48197
48276
48345
48395
48489
48584
48634
48702
48707
48795
48819
48856
48880
48919
48955
48989
48992
49037
49108
49190
49194
49204
49286
49325
49393
49484
49555
49587
49616
49649
49687
49697
49783
49875
49882
49931
50023
50042
50070
50112
50119
50125
50180
50265
50342
50373
50405
50421
