797
861
864
954
990
1057
1130
1228
1327
1390
1425
1441
1463
1472
1547
1576
1647
1693
1785
1827
1904
1906
1981
2080
2160
2233
2292
2351
2383
2439
2497
2516
2536
2622
2712
2761
2797
2804
2865
2941
2977
3026
3053
3088
3168
3177
3208
3235
3280
3361
3419
3504
3538
3556
3564
3654
3657
3732
3741
3805
3810
3875
3892
3905
3948
3997
4016
4043
4060
4097
4137
4218
4311
4324
4423
4429
4472
4553
4629
4640
4683
4743
4774
4865
4928
4969
5058
5060
5100
5115
5135
5193
5277
5361
5414
5473
5501
5527
5599
5658
5723
5792
5822
5864
5883
5938
5984
6075
6099
6119
6215
6260
6292
6312
6386
6445
6492
6557
6651
6691
6709
6730
6739
6799
6859
6888
6899
6973
6986
7037
7049
7065
7080
7175
7245
7312
7409
7454
7475
7522
7527
7566
7626
7708
7773
7861
7909
7934
7984
8010
8066
8160
8186
8274
8367
8428
8527
8623
8719
8806
8849
8925
9003
9053
9098
9156
9203
9289
9340
9438
9498
9523
9575
9582
9583
9672
9697
9796
9809
9825
9882
9975
10067
10096
10117
10184
10185
10252
10273
10322
10367
10420
10481
10508
10571
10647
10682
10689
10752
10803
10836
10909
10965
11055
11091
11184
11190
11197
11251
11265
11360
11420
11428
11495
11591
11614
11624
11632
11720
11819
11878
11964
12029
12085
12101
12133
12189
12211
12306
12390
12406
12503
12543
12632
12701
12743
12775
12797
12876
12954
12982
13039
13097
13177
13196
13249
13280
13338
13347
13415
13514
13606
13621
13702
13798
13844
13925
13952
14035
14048
14094
14184
14233
14299
14324
14373
14465
14507
14524
14591
14615
14696
14739
14804
14832
14904
14959
14975
15004
15024
15078
15100
15161
15221
15293
15340
15422
15501
15579
15626
15711
15748
15842
15925
15963
15996
16011
16035
16087
16120
16217
16253
16267
16280
16321
16380
16461
16559
16618
16680
16755
16767
16814
16820
16896
16913
16925
17012
17057
17128
17219
17262
17345
17359
17416
17455
17534
17561
17648
17713
17783
17812
17846
17907
17994
18056
18077
18081
18086
18172
18177
18221
18239
18270
18329
18358
18385
18466
18553
18650
18679
18737
18830
18846
18848
18932
18970
19036
19062
19092
19171
19182
19275
19351
19364
19367
19454
19492
19556
19653
19685
19753
19769
19839
19846
19859
19885
19971
20033
20057
20060
20118
20168
20228
20235
20331
20365
20413
20500
20595
20695
20759
20813
20906
20996
21062
21160
21191
21258
21262
21309
21337
21355
21429
21478
21542
21612
21614
21636
21685
21688
21712
21800
21862
21927
21979
22004
22070
22086
22096
22183
22228
22315
22376
22403
22417
22461
22521
22548
22555
22625
22712
22784
22828
22921
23020
23038
23135
23162
23260
23339
23384
23392
23457
23513
23607
23618
23688
23694
23778
23789
23820
23893
23987
24000
24037
24092
24184
24252
24318
24411
24443
24512
24551
24594
24659
24718
24750
24763
24806
24901
24928
24980
25073
25172
25266
25336
25403
25489
25515
25565
25573
25617
25649
25693
25793
25808
25888
25982
25992
26090
26137
26201
26264
26301
26344
26407
26506
26577
26632
26730
26816
26869
26941
27028
27094
27194
27284
27328
27370
27455
27515
27547
27597
27663
27672
27739
27757
27785
27870
27921
27953
28038
28089
28160
28182
28221
28291
28365
28404
28462
28532
28606
28693
28786
28804
28858
28937
28985
28993
29032
29082
29117
29182
29208
29277
29284
29356
29385
29435
29488
29569
29645
29654
29751
29810
29896
29951
29994
30088
30144
30155
30226
30295
30368
30399
30410
30439
30520
30594
30608
30689
30734
30823
30919
30978
31078
31123
31170
31199
31252
31315
31386
31475
31550
31632
31715
31803
31813
31821
31842
31859
31879
31894
31910
31971
32039
32136
32199
32292
32312
32369
32398
32459
32519
32542
32624
32686
32776
32807
32873
32912
32937
33027
33095
33185
33200
33274
33311
33363
33378
33462
33518
33598
33616
33640
33740
33831
33895
33995
34071
34156
34201
34261
34263
34297
34339
34355
34431
34478
34538
34620
34627
34674
34700
34771
34822
34858
34869
34926
34998
35072
35132
35199
35272
35285
35338
35339
35370
35431
35439
35494
35582
35621
35682
35775
35865
35920
35983
36011
36062
36156
36237
36263
36348
36379
36397
36462
36516
36596
36636
36708
36786
36791
36852
36937
37026
37039
37056
37064
37110
37176
37210
37232
37241
37309
37315
37342
37353
37398
37476
37494
37585
37593
37649
37702
37764
37817
37849
37901
37931
37943
37999
38045
38123
38182
38216
38302
38362
38461
38553
38606
38697
38724
38787
38878
38934
39005
39087
39152
39195
39207
39303
39402
39417
39449
39521
39612
39629
39696
39697
39723
39761
39799
39855
39952
39955
39983
40013
40017
40084
40098
40178
40179
40183
40189
40193
40286
40326
40407
40471
40549
40646
40686
40709
40759
40768
40810
40839
40850
40888
40920
40969
40994
41089
41158
41231
41318
41407
41496
41591
41660
41706
41751
41812
41826
41840
41890
41934
42004
42064
42095
42107
42171
42207
42285
42323
42413
42482
42533
42582
42665
42672
42749
42796
42852
42889
42950
43039
43106
43114
43140
43227
43280
43311
43372
43392
43455
43545
43615
43628
43679
43701
43712
43778
43819
43860
43867
43916
43943
44016
44046
44142
44158
44208
44236
44330
44358
44397
44465
44529
44531
44570
44618
44702
44746
44768
44835
44916
44980
45027
45121
45191
45239
45255
45329
45385
45450
45479
45549
45625
45710
45711
45797
45830
45841
45855
45948
45956
45986
46035
46064
46065
46077
46145
46227
46233
46306
46358
46378
46433
46490
46514
46611
46704
46710
46764
46784
46809
46823
46889
46969
46997
47015
47037
47125
47196
47278
47334
47383
47483
47572
47580
47588
47591
47630
47693
47760
47818
47839
47858
47861
47960
48058
48073
48091
48112
48186
48273
48353
48445
48498
48530
48532
48610
48670
48725
48743
48825
48861
48905
48954
49035
49073
49134
49178
49216
49251
49311
49343
49358
49415
49508
49598
49671
49751
49764
49843
49848
49883
49950
49972
50056
50154
50183
50245
50321
50325
50421
50433
50502
50510
50609
50660
50754
50851
50895
50938
50974
50994
51042
51114
51140
51206
51256
51331
51418
51460
51506
51571
51631
51664
51742
51800
51885
51964
52049
52127
52183
52269
52332
52390
52471
52555
52559
52628
52700
52731
52817
52890
