516
591
679
711
732
803
848
875
942
996
1000
1084
1179
1233
1270
1272
1290
1372
1419
1446
1483
1485
1555
1572
1639
1730
1777
1808
1889
1977
2059
2119
2154
2244
2282
2288
2374
2472
2549
2585
2677
2701
2779
2800
2853
2906
2965
3044
3081
3143
3235
3309
3370
3438
3439
3498
3556
3578
3663
3758
3858
3874
3906
3922
3934
3976
4020
4068
4140
4169
4245
4296
4297
4327
4340
4387
4483
4491
4571
4621
4689
4715
4747
4807
4883
4953
5007
5039
5041
5136
5142
5155
5227
5282
5311
5350
5356
5411
5441
5485
5572
5672
5742
5801
5824
5875
5961
6033
6069
6119
6155
6193
6250
6293
6388
6413
6437
6526
6531
6547
6597
6618
6620
6623
6688
6765
6850
6866
6958
7011
7086
7102
7118
7211
7282
7317
7406
7435
7526
7570
7629
7669
7683
7748
7829
7889
7932
7936
8023
8027
8036
8068
8148
8221
8239
8263
8281
8308
8369
8467
8507
8602
8615
8634
8661
8668
8759
8842
8897
8953
8955
8967
8969
9019
9030
9057
9137
9180
9188
9203
9272
9372
9387
9432
9510
9532
9568
9606
9662
9666
9760
9776
9851
9933
10024
10060
10087
10138
10232
10262
10325
10390
10454
10490
10548
10559
10616
10621
10683
10698
10775
10847
10866
10927
11002
11067
11109
11143
11154
11177
11194
11266
11341
11346
11389
11451
11550
11580
11676
11682
11746
11803
11806
11839
11892
11948
11977
11994
12035
12104
12189
12193
12199
12293
12357
12445
12447
12532
12628
12630
12700
12708
12768
12786
12809
12862
12933
12948
13038
13047
13060
13106
13134
13224
13271
13279
13314
13326
13422
13486
13522
13532
13585
13678
13755
13824
13835
13933
13975
14051
14075
14149
14176
14239
14294
14392
14397
14480
14571
14580
14594
14679
14723
14774
14807
14885
14960
15041
15062
15108
15135
15222
15269
15293
15385
15465
15487
15582
15624
15639
15656
15701
15751
15756
15798
15877
15885
15937
16004
16093
16135
16213
16303
16333
16426
16485
16516
16562
16657
16713
16737
16762
16825
16915
16998
17090
17144
17238
17308
17368
17374
17405
17458
17496
17535
17546
17570
17663
17697
17754
17806
17877
17971
17975
18035
18065
18105
18128
18168
18236
18327
18333
18427
18435
18437
18455
18541
18611
18642
18645
18683
18696
18705
18792
18868
18941
18970
18983
19070
19130
19182
19215
19260
19325
19372
19439
19514
19517
19548
19570
19593
19627
19668
19738
19808
19856
19857
19901
19911
20008
20069
20125
20136
20167
20241
20292
20345
20389
20477
20571
20633
20645
20653
20737
20825
20872
20939
20979
20985
21072
21089
21177
21199
21239
21278
21287
21313
21401
21449
21510
21543
21609
21683
21728
21799
21833
21922
22020
22080
22174
22224
22245
22290
22369
22430
22486
22586
22621
22710
22717
22768
22858
22944
22972
23023
23046
23135
23148
23181
23197
23244
23248
23300
23337
23401
23414
23464
23471
23523
23573
23591
23627
23720
23810
23829
23895
23968
23993
24072
24108
24207
24220
24300
24395
24452
24544
24629
24713
24750
24822
24881
24937
24969
24991
25004
25025
25043
25096
25171
25221
25286
25287
25349
25392
25458
25532
25571
25585
25680
25759
25780
25835
25908
25917
25922
25977
26076
26132
26137
26231
26287
26314
26408
26492
26589
26673
26718
26818
26890
26947
26993
27051
27094
27114
27160
27194
27241
27246
27290
27383
27480
27519
27568
27654
27692
27790
27879
27939
27987
28002
28030
28118
28119
28143
28227
28294
28326
28331
28384
28469
28536
28541
28575
28592
28644
28685
28720
28760
28805
28880
28962
28996
29047
29071
29076
29089
29183
29217
29308
29349
29391
29436
29465
29500
29584
29631
29687
29727
29765
29830
29860
29893
29925
29983
30009
30062
30096
30133
30226
30295
30363
30380
30386
30389
30410
30501
30527
30554
30583
30675
30772
30829
30917
30959
31009
31056
31058
31134
31172
31179
31186
31193
31230
31251
31302
31394
31431
31478
31558
31632
31645
31710
31754
31765
31802
31866
31903
31935
31950
31970
32040
32041
32056
32078
32098
32137
32186
32214
32288
32338
32349
32425
32427
32458
32495
32567
32572
32652
32671
32689
32780
32862
32866
32877
32923
32950
33005
33007
33011
33049
33122
33166
33260
33346
33374
33452
33453
33506
33551
33623
33715
33789
33825
33863
33874
33953
33981
34067
34098
34185
34239
34328
34428
34469
34501
34528
34615
34708
34752
34819
34879
34888
34957
35050
35098
35129
35131
35163
35173
35181
35195
35268
35357
35369
35430
35446
35495
35552
35583
35612
35639
35712
35714
35729
35761
35791
35846
35858
35901
35948
35951
35953
35985
36027
36122
36185
36277
36353
36371
36390
36473
36523
36525
36547
36612
36658
36677
36727
36810
36898
36914
37003
37043
37106
37145
37168
37230
37299
37388
37420
37430
37494
37534
37596
37655
37744
37756
37848
37855
37920
38001
38053
38065
38129
38131
38181
38204
38242
38288
38303
38397
38493
38518
38588
38668
38733
38764
38778
38785
38823
38847
38895
38938
38953
38995
39042
39086
39141
39195
39231
39250
39285
39342
39420
39519
39560
39590
39627
39714
39736
39745
39804
39864
39952
40051
40100
40103
40175
40214
40240
40336
40338
40422
40448
40506
40590
40593
40652
40669
40679
40727
40815
40885
40895
40929
40958
41017
41096
41154
41246
41312
41365
41462
41479
41551
41630
41679
41742
41831
41902
41992
42011
42074
42103
42124
42140
42221
42310
42337
42436
42514
42569
42588
42642
42658
42688
42765
42856
42937
43007
43099
43153
43244
43328
43343
43441
43516
43616
43700
43789
43820
43871
43962
43972
44045
44104
44157
44206
44207
44269
44334
44358
44426
44430
44439
44538
44581
44604
44625
44702
44727
44788
44800
44812
44844
44936
45035
45065
45071
45106
45199
45281
45304
45333
45353
45401
45405
45448
45534
45604
45639
45726
45816
45913
45995
46089
46137
46229
46241
46291
46340
46421
46450
46538
46617
46688
46700
46788
46875
46959
47018
47055
47152
47169
47254
47315
47368
47427
47436
47523
47526
47578
47585
47653
47730
47738
47740
47780
47813
47849
47850
47911
47995
48018
48116
48135
48170
48205
48207
48307
48316
48331
48388
48415
48470
48565
48631
48658
48672
48675
48772
48779
48785
48884
48917
48962
49062
49075
49164
49254
49321
49381
49411
49461
49468
49547
49570
49642
49739
49805
