206
296
391
473
541
563
626
642
715
794
820
852
924
954
978
1050
1053
1123
1200
1283
1318
1381
1382
1462
1494
1578
1620
1717
1722
1743
1769
1797
1849
1850
1870
1921
1959
1982
2057
2108
2125
2158
2240
2331
2405
2422
2503
2597
2680
2741
2785
2792
2889
2963
3020
3109
3169
3242
3308
3375
3377
3394
3420
3477
3507
3606
3694
3751
3827
3893
3991
4082
4135
4155
4157
4187
4276
4368
4460
4486
4536
4550
4576
4617
4623
4643
4654
4669
4726
4728
4811
4883
4973
4979
5046
5059
5150
5191
5280
5358
5362
5410
5489
5490
5581
5583
5659
5714
5732
5810
5874
5920
5929
5940
6006
6085
6125
6191
6224
6227
6325
6414
6496
6575
6580
6636
6708
6781
6802
6849
6884
6901
6957
7050
7059
7117
7120
7131
7172
7227
7295
7340
7394
7480
7511
7538
7595
7656
7689
7751
7794
7871
7930
7952
7968
8030
8124
8198
8206
8243
8294
8353
8414
8505
8509
8560
8639
8738
8743
8784
8803
8845
8847
8945
9037
9128
9218
9279
9344
9435
9470
9479
9554
9583
9606
9653
9669
9708
9795
9825
9875
9965
10061
10063
10118
10177
10221
10267
10356
10448
10509
10551
10623
10705
10759
10818
10851
10872
10881
10933
11006
11054
11101
11171
11248
11331
11387
11410
11494
11512
11524
11588
11635
11724
11765
11845
11876
11910
12008
12101
12197
12265
12362
12411
12437
12495
12588
12623
12668
12766
12834
12901
12965
13059
13111
13138
13173
13213
13239
13261
13283
13318
13411
13433
13501
13571
13632
13721
13736
13773
13809
13868
13923
14008
14085
14122
14170
14196
14254
14280
14372
14434
14458
14510
14565
14570
14600
14609
14625
14715
14757
14838
14936
14971
14998
15022
15055
15127
15152
15160
15243
15275
15372
15390
15477
15502
15564
15584
15679
15693
15775
15864
15925
16001
16041
16105
16149
16228
16274
16282
16296
16394
16417
16445
16511
16575
16625
16722
16802
16840
16908
16993
16996
17071
17116
17174
17233
17331
17418
17466
17515
17600
17602
17677
17735
17795
17835
17910
17937
17983
18039
18047
18113
18120
18204
18233
18273
18300
18301
18307
18361
18459
18490
18522
18560
18647
18683
18709
18731
18755
18820
18835
18889
18955
18989
19077
19158
19216
19301
19343
19397
19493
19546
19549
19630
19691
19753
19841
19914
19931
20014
20071
20075
20090
20106
20193
20242
20292
20371
20470
20516
20520
20526
20555
20635
20717
20775
20852
20858
20954
20970
21008
21024
21053
21150
21172
21228
21233
21325
21366
21458
21525
21595
21622
21637
21682
21728
21789
21858
21910
21957
21996
22034
22042
22121
22205
22242
22295
22342
22376
22431
22453
22460
22524
22556
22625
22696
22698
22795
22854
22939
22941
22943
22990
23012
23086
23166
23235
23331
23381
23454
23532
23579
23605
23636
23655
23749
23787
23853
23930
24009
24021
24030
24056
24156
24248
24340
24394
24410
24509
24512
24520
24527
24607
24639
24647
24715
24766
24770
24832
24885
24888
24954
24959
25049
25134
25217
25278
25298
25380
25420
25483
25543
25643
25683
25693
25747
25827
25921
25927
26012
26035
26089
26117
26160
26167
26193
26206
26273
26309
26360
26392
26462
26512
26515
26576
26593
26601
26654
26696
26758
26810
26865
26887
26916
26921
26976
26982
27000
27074
27174
27208
27280
27319
27415
27470
27500
27515
27531
27571
27666
27670
27752
27768
27833
27902
27953
28034
28110
28129
28164
28197
28260
28335
28369
28409
28423
28450
28488
28587
28590
28660
28684
28750
28826
28923
28938
29001
29041
29106
29119
29138
29223
29309
29367
29419
29458
29521
29548
29551
29624
29693
29712
29812
29858
29891
29980
30036
30048
30101
30111
30159
30200
30248
30250
30268
30312
30370
30465
30550
30555
30624
30653
30747
30755
30780
30851
30919
31013
31106
31120
31194
31228
31293
31386
31433
31486
31501
31565
31576
31630
31681
31701
31787
31856
31889
31973
32017
32086
32164
32176
32188
32202
32289
32348
32356
32431
32477
32482
32535
32589
32598
32645
32744
32798
32878
32941
32996
33096
33119
33145
33212
33290
33351
33358
33388
33458
33530
33572
33667
33759
33848
33872
33935
34001
34066
34117
34127
34169
34264
34309
34324
34390
34449
34510
34575
34650
34673
34696
34709
34771
34772
34819
34887
34913
34978
35030
35068
35136
35169
35237
35330
35405
35482
35499
35508
35600
35649
35712
35743
35761
35800
35848
35890
35943
35954
36024
36085
36172
36173
36233
36274
36302
36373
36428
36450
36536
36587
36602
36653
36697
36698
36723
36799
36886
36900
36995
37030
37067
37159
37198
37229
37324
37400
37451
37455
37552
37589
37658
37670
37731
37733
37787
37870
37883
37948
38027
38121
38190
38222
38241
38270
38370
38409
38507
38533
38544
38595
38661
38663
38757
38823
38868
38921
38956
39031
39124
39176
39197
39265
39336
39349
39449
39511
39598
39608
39613
39669
39768
39856
39938
39988
40045
40113
40161
40248
40261
40290
40335
40379
40448
40472
40560
40617
40668
40710
40750
40837
40919
40935
41003
41046
41098
41157
41203
41252
41333
41342
41424
41437
41536
41600
41676
41751
41837
41879
41910
41940
41968
41988
42080
42114
42177
42204
42221
42280
42301
42359
42415
42514
42544
42559
42624
42683
42695
42729
42745
42841
42867
42872
42929
43004
43062
43077
43136
43209
43296
43373
43390
43450
43480
43519
43539
43588
43645
43663
43706
43806
43875
43971
44008
44044
44050
44147
44205
44266
44343
44345
44392
44427
44515
44530
44618
44626
44677
44699
44797
44897
44970
45012
45076
45154
45253
45265
45363
45406
45443
45488
45551
45609
45679
45706
45792
45823
45923
46015
46017
46024
46085
46100
46132
46185
46281
46320
46414
46486
46535
46602
46702
46744
46748
46811
46870
46941
46956
47032
47091
47155
47233
47243
47333
47344
47412
47432
47497
47535
47613
47694
47714
47794
47861
47905
47970
48045
48089
48152
48196
48225
48236
48250
48335
48355
48407
48428
48508
48545
48575
48633
48654
48716
48801
48822
48828
48921
48955
48986
48989
49086
49111
49134
49190
49229
49234
49294
49340
49410
49501
49543
49624
49658
49742
49812
49896
49900
49908
49919
49994
49998
50074
50090
50143
50205
50226
50295
50387
50455
50469
50562
50653
50748
50822
50855
50885
50901
50939
51037
51086
51113
51198
51253
