627
653
716
719
740
800
813
885
976
1009
1037
1056
1065
1070
1120
1123
1211
1273
1307
1329
1345
1444
1539
1561
1578
1590
1596
1606
1704
1741
1792
1857
1882
1929
1961
2027
2071
2074
2105
2154
2200
2263
2321
2396
2488
2523
2524
2533
2553
2630
2681
2743
2749
2821
2891
2945
2961
2988
3077
3137
3160
3220
3268
3276
3303
3360
3451
3492
3554
3596
3675
3683
3734
3794
3838
3914
3991
4056
4062
4092
4132
4209
4230
4235
4244
4299
4364
4435
4458
4517
4518
4617
4641
4727
4790
4806
4838
4845
4895
4995
5026
5060
5123
5170
5215
5285
5293
5388
5442
5489
5538
5546
5593
5597
5598
5641
5736
5744
5783
5785
5801
5853
5922
6014
6090
6105
6137
6224
6253
6320
6408
6469
6498
6563
6648
6705
6732
6750
6843
6866
6937
6956
7038
7057
7150
7250
7271
7298
7306
7391
7408
7427
7516
7529
7624
7660
7710
7775
7807
7875
7934
7960
8005
8044
8073
8158
8164
8175
8224
8260
8340
8343
8425
8463
8506
8528
8609
8702
8787
8846
8910
8937
9013
9090
9148
9209
9273
9326
9360
9442
9541
9622
9641
9737
9803
9843
9923
9957
9967
10025
10109
10193
10254
10299
10312
10328
10341
10417
10482
10507
10519
10558
10622
10624
10704
10731
10810
10839
10855
10891
10906
10987
11015
11046
11052
11127
11135
11163
11221
11320
11333
11363
11447
11540
11607
11638
11721
11760
11774
11820
11852
11922
11985
11986
11993
11995
12071
12096
12183
12255
12286
12295
12300
12340
12419
12444
12488
12545
12638
12654
12657
12757
12842
12876
12911
12971
12981
12982
13015
13030
13128
13148
13199
13233
13240
13314
13316
13350
13397
13474
13518
13536
13587
13611
13710
13760
13763
13832
13838
13877
13966
14001
14013
14060
14124
14220
14294
14356
14406
14436
14458
14468
14519
14595
14616
14624
14639
14695
14793
14831
14926
15022
15050
15128
15162
15211
15212
15222
15290
15370
15401
15429
15497
15527
15556
15602
15657
15692
15711
15741
15775
15841
15918
16015
16092
16141
16201
16229
16285
16330
16375
16399
16499
16509
16571
16605
16664
16720
16788
16862
16895
16943
17013
17070
17163
17253
17340
17385
17432
17517
17603
17616
17703
17770
17809
17828
17896
17897
17918
17989
18030
18055
18069
18101
18111
18131
18151
18192
18290
18363
18461
18511
18601
18631
18718
18724
18791
18804
18885
18905
18961
19012
19108
19161
19237
19305
19350
19395
19397
19425
19514
19600
19673
19712
19716
19750
19792
19806
19905
19972
19997
20088
20116
20123
20138
20205
20269
20272
20281
20360
20430
20434
20468
20537
20634
20729
20827
20863
20891
20953
20977
21048
21128
21225
21295
21338
21390
21458
21459
21557
21586
21596
21606
21701
21711
21809
21845
21896
21906
21938
22023
22088
22176
22262
22270
22284
22309
22327
22406
22454
22513
22572
22595
22599
22641
22730
22777
22842
22899
22992
23025
23119
23167
23184
23202
23250
23274
23330
23363
23443
23507
23587
23645
23701
23705
23793
23842
23910
23964
24033
24105
24191
24207
24216
24239
24306
24385
24405
24487
24556
24591
24623
24713
24737
24798
24856
24887
24978
25058
25109
25175
25189
25253
25312
25328
25410
25424
25497
25549
25599
25635
25663
25700
25724
25799
25868
25968
26012
26095
26171
26173
26255
26257
26346
26369
26462
26524
26538
26589
26606
26701
26794
26882
26961
27025
27107
27180
27181
27229
27279
27316
27409
27481
27573
27602
27698
27744
27802
27853
27942
27974
28023
28093
28168
28219
28235
28331
28417
28491
28553
28638
28713
28792
28863
28873
28886
28899
28958
28959
28970
29058
29132
29153
29228
29288
29331
29400
29477
29511
29607
29633
29724
29753
29811
29906
30000
30080
30087
30118
30152
30176
30255
30323
30383
30427
30499
30581
30622
30687
30756
30798
30812
30826
30876
30941
30997
31006
31027
31107
31114
31190
31239
31307
31344
31410
31495
31547
31618
31624
31687
31763
31793
31868
31904
31965
32045
32098
32121
32210
32239
32266
32325
32372
32425
32505
32516
32555
32609
32625
32714
32723
32742
32790
32796
32821
32838
32851
32901
32909
32953
33007
33021
33034
33039
33130
33206
33273
33339
33409
33478
33564
33590
33633
33666
33678
33765
33784
33802
33819
33836
33842
33852
33946
33993
34044
34056
34136
34192
34282
34352
34366
34439
34478
34555
34633
34680
34740
34839
34929
34977
34978
35060
35132
35213
35286
35381
35406
35459
35461
35548
35576
35582
35657
35704
35711
35722
35802
35826
35913
35922
35933
35963
35969
35978
36001
36096
36152
36178
36244
36266
36295
36304
36369
36374
36440
36472
36567
36573
36665
36686
36728
36760
36784
36883
36884
36920
36967
37054
37102
37143
37238
37263
37342
37436
37494
37561
37597
37608
37613
37661
37694
37747
37821
37856
37867
37930
37993
38083
38176
38182
38276
38364
38417
38424
38488
38530
38621
38699
38785
38882
38889
38946
38951
39049
39056
39102
39146
39198
39247
39332
39403
39447
39521
39618
39707
39805
39835
39884
39967
40020
40025
40049
40081
40113
40152
40210
40247
40283
40374
40388
40389
40424
40508
40607
40647
40664
40752
40813
40853
40947
41010
41032
41042
41061
41137
41188
41190
41216
41237
41327
41387
41475
41487
41518
41524
41597
41662
41723
41746
41801
41866
41896
41921
41937
41984
42082
42103
42112
42133
42153
42165
42261
42329
42353
42424
42452
42471
42484
42520
42551
42553
42588
42660
42708
42761
42779
42833
42859
42904
42914
42972
43049
43108
43146
43182
43216
43266
43310
43410
43500
43517
43536
43567
43656
43680
43769
43808
43855
43937
43994
44007
44009
44017
44030
44118
44154
44248
44268
44283
44293
44351
44419
44452
44502
44563
44581
44634
44699
44747
44828
44916
44960
44975
44985
45033
45119
45133
45194
45250
45292
45302
45326
45365
45460
45485
45504
45522
45584
45604
45613
45653
45729
45764
45832
45926
45984
46068
46075
46156
46169
46217
46252
46304
46352
46450
46526
46614
46624
46683
46687
46765
46814
46844
46919
46964
47048
47088
47184
47200
47238
47327
47397
47491
47539
47635
47679
47709
47808
47901
47945
48042
48057
48152
48177
48193
48255
48320
48368
48406
48459
48559
48586
48612
48667
48758
48796
48827
48919
49009
49032
49101
49135
49149
49156
49213
49243
49339
49367
49398
49468
