94
129
168
188
212
294
391
471
528
582
621
658
707
768
845
892
966
976
1063
1074
1172
1263
1343
1396
1476
1570
1587
1600
1635
1637
1721
1801
1888
1912
1967
2017
2080
2146
2196
2268
2362
2447
2506
2510
2545
2546
2553
2644
2661
2702
2705
2737
2785
2853
2875
2907
2918
2923
2954
3037
3105
3128
3199
3232
3237
3311
3407
3495
3525
3625
3667
3743
3794
3845
3847
3890
3907
3981
4056
4075
4142
4194
4210
4285
4307
4353
4393
4445
4500
4578
4579
4582
4593
4693
4699
4753
4802
4839
4870
4935
4986
5081
5091
5098
5127
5163
5253
5275
5364
5367
5401
5410
5438
5451
5468
5477
5577
5633
5634
5710
5769
5838
5839
5852
5858
5891
5922
5931
5958
5969
6036
6084
6127
6217
6312
6403
6439
6531
6571
6634
6664
6751
6844
6876
6976
7015
7024
7119
7162
7215
7300
7356
7456
7485
7486
7529
7611
7707
7726
7734
7779
7815
7898
7963
8022
8039
8089
8094
8098
8136
8194
8253
8293
8377
8457
8480
8486
8501
8504
8541
8605
8666
8692
8702
8729
8790
8851
8926
9006
9070
9130
9219
9239
9249
9267
9366
9379
9410
9478
9517
9525
9617
9704
9765
9768
9818
9857
9905
9983
9986
10031
10085
10138
10204
10227
10298
10396
10416
10500
10545
10627
10660
10734
10757
10759
10807
10901
10927
10955
11015
11060
11128
11175
11194
11236
11313
11383
11441
11526
11598
11694
11748
11819
11846
11848
11905
11909
11937
11970
11987
12006
12065
12073
12110
12203
12276
12345
12428
12507
12527
12590
12618
12663
12672
12704
12721
12739
12818
12846
12872
12955
13053
13113
13196
13279
13357
13390
13420
13458
13519
13535
13565
13585
13602
13694
13785
13832
13896
13916
14016
14059
14116
14199
14298
14331
14410
14473
14563
14647
14676
14742
14837
14929
14934
14955
15019
15050
15126
15192
15283
15318
15346
15349
15396
15421
15515
15566
15581
15596
15625
15678
15741
15754
15834
15843
15861
15866
15904
15937
16029
16115
16148
16246
16324
16410
16463
16518
16558
16569
16653
16697
16747
16749
16836
16915
16937
16998
17083
17104
17140
17219
17285
17351
17450
17517
17555
17614
17678
17735
17805
17834
17866
17963
18024
18073
18097
18105
18137
18220
18319
18381
18469
18538
18604
18704
18789
18866
18924
18925
19021
19047
19054
19127
19135
19228
19288
19374
19464
19552
19581
19679
19717
19738
19838
19889
19904
19977
19994
20022
20082
20126
20164
20229
20252
20269
20318
20354
20369
20430
20508
20510
20568
20603
20641
20679
20758
20781
20826
20907
20953
20981
20991
21071
21151
21222
21294
21357
21409
21466
21490
21498
21536
21608
21680
21689
21733
21833
21893
21898
21988
21993
22089
22185
22239
22284
22369
22447
22486
22581
22655
22687
22781
22809
22895
22961
23006
23103
23157
23236
23247
23335
23345
23348
23419
23509
23538
23599
23674
23726
23796
23890
23952
23954
23984
24075
24170
24176
24219
24258
24349
24446
24465
24483
24497
24502
24532
24604
24679
24734
24772
24851
24948
24977
24982
25030
25044
25100
25136
25208
25212
25243
25299
25318
25336
25393
25449
25510
25590
25632
25634
25653
25732
25793
25858
25891
25908
25909
25970
25981
26032
26036
26127
26164
26195
26202
26247
26299
26332
26389
26462
26502
26504
26589
26609
26637
26690
26785
26821
26844
26942
26989
27065
27152
27157
27166
27230
27304
27332
27363
27448
27454
27548
27620
27644
27666
27708
27740
27799
27882
27937
27961
28050
28101
28131
28146
28150
28182
28222
28286
28349
28409
28498
28596
28615
28663
28705
28804
28902
28967
28988
29002
29090
29178
29238
29299
29348
29418
29484
29505
29525
29607
29626
29689
29693
29708
29763
29841
29845
29884
29969
29988
30053
30066
30067
30137
30219
30308
30353
30360
30422
30429
30491
30582
30676
30757
30759
30782
30823
30845
30851
30884
30902
30985
30998
31067
31135
31164
31185
31263
31282
31344
31397
31457
31516
31541
31545
31578
31657
31678
31744
31802
31808
31862
31955
31990
32083
32102
32135
32139
32219
32250
32251
32292
32329
32377
32418
32440
32504
32522
32583
32616
32638
32679
32779
32789
32807
32848
32925
33018
33029
33036
33126
33191
33285
33326
33373
33431
33510
33535
33609
33615
33660
33732
33806
33808
33824
33854
33915
33975
34003
34076
34126
34182
34199
34266
34349
34393
34414
34437
34468
34507
34581
34609
34626
34694
34700
34770
34806
34835
34890
34913
34993
35091
35094
35095
35158
35254
35330
35405
35438
35447
35502
35567
35603
35687
35692
35765
35847
35947
36018
36098
36168
36224
36244
36270
36349
36381
36451
36455
36554
36604
36632
36686
36729
36751
36815
36880
36960
37052
37106
37166
37189
37196
37228
37276
37311
37316
37394
37427
37516
37540
37589
37665
37675
37694
37752
37787
37849
37895
37960
38025
38079
38125
38155
38205
38259
38284
38374
38462
38473
38530
38554
38597
38659
38728
38771
38787
38805
38864
38921
38942
38973
38981
39080
39105
39204
39298
39328
39330
39354
39413
39455
39480
39580
39599
39604
39665
39719
39810
39908
39963
40039
40081
40156
40207
40262
40291
40343
40392
40418
40429
40477
40536
40571
40629
40699
40716
40781
40795
40842
40878
40914
40955
40998
41020
41078
41105
41154
41174
41203
41258
41340
41398
41427
41485
41486
41544
41637
41648
41683
41747
41761
41814
41848
41929
42009
42061
42065
42091
42133
42221
42314
42343
42368
42406
42461
42517
42551
42650
42715
42811
42879
42963
42994
42996
43082
43146
43216
43289
43325
43394
43469
43472
43517
43573
43624
43689
43737
43827
43891
43960
43969
43975
44009
44027
44092
44158
44204
44267
44306
44324
44345
44410
44418
44494
44495
44582
44635
44664
44694
44737
44830
44895
44968
44998
45085
45146
45188
45207
45243
45250
45300
45354
45433
45477
45528
45588
45620
45629
45728
45735
45796
45834
45921
45959
45964
46025
46059
46159
46172
46214
46268
46323
46333
46414
46442
46534
46614
46637
46676
46765
46777
46828
46903
46923
47022
47027
47043
47064
47129
47221
47293
47365
47383
47449
47470
47568
47630
47665
47713
47785
47817
47837
47911
48009
48035
48086
48120
48197
48287
48330
48387
48407
48473
48551
48576
48670
48700
48753
48851
48932
49012
49042
49101
49188
49264
49316
49347
49404
49429
