1023
1086
1186
1238
1241
1283
1332
1391
1433
1510
1582
1668
1717
1734
1815
1845
1923
1926
2008
2097
2102
2145
2165
2186
2274
2314
2352
2412
2451
2545
2625
2689
2735
2755
2848
2889
2980
3067
3159
3172
3222
3248
3276
3295
3308
3399
3448
3532
3601
3638
3727
3734
3804
3893
3980
4074
4102
4197
4236
4324
4335
4369
4380
4461
4502
4517
4591
4679
4755
4767
4807
4902
4952
4969
5066
5150
5184
5238
5290
5348
5441
5538
5547
5606
5608
5631
5686
5687
5691
5736
5760
5771
5782
5789
5837
5869
5953
6004
6087
6113
6174
6269
6293
6380
6391
6459
6478
6489
6584
6684
6699
6789
6876
6907
6932
6951
6968
7039
7047
7050
7111
7179
7239
7249
7269
7357
7413
7457
7490
7528
7547
7632
7688
7751
7785
7841
7876
7889
7958
8055
8097
8176
8187
8285
8309
8348
8444
8469
8559
8646
8659
8698
8790
8867
8875
8902
8933
9027
9059
9094
9133
9188
9197
9212
9262
9287
9307
9403
9496
9533
9598
9631
9722
9806
9860
9895
9979
10042
10102
10121
10154
10238
10277
10280
10281
10338
10431
10511
10594
10674
10723
10732
10809
10863
10872
10907
11000
11076
11095
11159
11206
11267
11349
11355
11397
11400
11487
11543
11581
11674
11723
11785
11884
11958
12041
12098
12117
12141
12230
12317
12352
12446
12459
12495
12586
12643
12689
12741
12821
12839
12886
12948
13045
13140
13173
13236
13329
13402
13442
13459
13515
13580
13597
13633
13704
13789
13809
13812
13843
13914
13956
14045
14106
14187
14203
14277
14350
14403
14424
14486
14547
14636
14731
14768
14832
14838
14911
14982
15071
15074
15101
15148
15187
15215
15221
15224
15267
15313
15359
15367
15380
15466
15471
15499
15565
15573
15583
15622
15669
15752
15825
15831
15851
15943
16022
16089
16139
16152
16196
16253
16347
16399
16499
16528
16556
16631
16663
16705
16790
16831
16855
16896
16982
17063
17095
17168
17172
17258
17309
17358
17448
17516
17521
17580
17629
17670
17696
17705
17735
17831
17879
17911
17979
18027
18078
18079
18156
18160
18215
18218
18311
18369
18454
18508
18600
18631
18686
18750
18756
18804
18881
18927
18999
19004
19094
19177
19227
19276
19281
19338
19404
19486
19493
19517
19558
19646
19708
19791
19834
19888
19966
20017
20068
20153
20184
20240
20318
20404
20458
20551
20651
20666
20698
20726
20760
20773
20794
20813
20884
20954
20973
21004
21070
21144
21165
21207
21301
21330
21337
21347
21358
21379
21424
21430
21453
21483
21503
21512
21606
21702
21713
21791
21852
21884
21947
22044
22093
22111
22145
22243
22295
22310
22334
22425
22442
22493
22574
22661
22756
22764
22855
22942
23029
23105
23172
23236
23321
23380
23429
23498
23499
23532
23559
23618
23656
23692
23787
23862
23940
24013
24108
24186
24277
24278
24377
24388
24408
24436
24498
24543
24615
24713
24762
24828
24850
24853
24936
24955
24983
25034
25077
25094
25117
25130
25137
25234
25320
25403
25452
25550
25596
25627
25709
25712
25753
25814
25816
25911
25928
26015
26114
26196
26230
26241
26269
26279
26374
26459
26478
26575
26605
26639
26659
26683
26766
26788
26801
26861
26866
26963
27028
27100
27111
27164
27210
27230
27258
27287
27349
27362
27380
27390
27421
27429
27516
27555
27649
27650
27706
27717
27773
27805
27851
27941
28005
28031
28039
28076
28161
28237
28325
28340
28389
28466
28566
28643
28741
28840
28900
28985
29047
29143
29172
29174
29230
29271
29325
29329
29376
29442
29533
29630
29718
29787
29885
29891
29898
29951
29986
29995
30008
30069
30080
30149
30185
30235
30326
30403
30479
30505
30562
30637
30640
30699
30704
30741
30777
30848
30859
30958
30967
31062
31090
31124
31213
31311
31325
31399
31421
31484
31540
31575
31582
31632
31693
31738
31795
31817
31877
31903
31964
32029
32058
32120
32136
32213
32309
32332
32361
32425
32427
32485
32503
32565
32638
32689
32777
32791
32824
32841
32875
32908
32927
33015
33016
33101
33126
33137
33167
33226
33256
33299
33344
33397
33444
33516
33581
33586
33614
33629
33710
33729
33731
33745
33768
33848
33925
33961
33969
33976
34011
34016
34108
34197
34266
34298
34370
34447
34538
34615
34709
34729
34818
34903
34985
35059
35155
35181
35217
35263
35311
35388
35400
35407
35467
35486
35489
35527
35543
35590
35687
35700
35734
35804
35863
35888
35943
35978
36025
36094
36113
36194
36222
36284
36349
36439
36486
36545
36558
36579
36620
36642
36687
36768
36778
36877
36963
37014
37037
37059
37108
37141
37190
37276
37359
37384
37483
37547
37608
37688
37775
37804
37877
37914
37975
37990
38068
38100
38181
38257
38333
38385
38388
38473
38506
38513
38561
38655
38742
38751
38773
38809
38854
38921
38962
39038
39098
39196
39284
39327
39348
39427
39508
39596
39693
39714
39715
39801
39865
39962
39991
40062
40073
40171
40213
40228
40241
40272
40360
40380
40384
40407
40416
40422
40451
40499
40540
40576
40670
40706
40724
40799
40803
40862
40954
40986
41041
41107
41127
41189
41236
41263
41326
41414
41452
41458
41500
41536
41594
41694
41793
41798
41824
41836
41895
41914
41953
42026
42056
42084
42144
42239
42271
42371
42380
42436
42480
42548
42573
42597
42643
42691
42762
42847
42872
42910
42954
43032
43042
43074
43124
43216
43313
43381
43388
43462
43484
43534
43615
43663
43683
43730
43813
43848
43886
43954
43980
44078
44132
44198
44211
44244
44321
44416
44449
44464
44487
44555
44566
44569
44584
44592
44624
44693
44730
44807
44809
44836
44864
44890
44983
45041
45045
45120
45194
45222
45317
45380
45476
45500
45513
45602
45677
45773
45820
45831
45835
45845
45851
45915
45950
46008
46009
46022
46079
46175
46209
46231
46317
46389
46435
46507
46515
46563
46607
46704
46763
46863
46918
46938
46959
47010
47045
47123
47212
47301
47374
47419
47426
47485
47577
47639
47696
47738
47808
47881
47897
47901
47938
48031
48038
48094
48103
48147
48197
48265
48339
48372
48472
48526
48561
48637
48642
48703
48796
48867
48883
48960
48974
48990
49004
49094
49120
49174
49251
49281
49282
49324
49354
49383
49387
49462
49537
49615
49644
49676
49679
49680
49749
49812
49882
49975
50074
50129
50175
50221
50269
50332
50333
50362
50413
50449
50459
50485
50584
50681
50687
50702
50751
50827
