809
860
927
942
1034
1115
1123
1128
1224
1246
1264
1347
1384
1436
1512
1562
1590
1663
1705
1729
1808
1841
1911
2007
2034
2043
2138
2219
2259
2296
2377
2441
2509
2518
2612
2702
2798
2856
2941
2968
3026
3034
3093
3164
3248
3340
3401
3426
3453
3454
3485
3509
3534
3554
3577
3627
3652
3656
3747
3777
3842
3871
3883
3970
4018
4079
4141
4229
4317
4369
4453
4494
4567
4599
4615
4691
4786
4853
4882
4909
4920
4970
5067
5110
5176
5237
5325
5398
5498
5517
5534
5631
5634
5639
5714
5741
5820
5874
5959
6039
6128
6224
6322
6388
6429
6433
6515
6554
6589
6591
6660
6707
6784
6790
6839
6906
6943
6966
7059
7139
7228
7290
7313
7332
7412
7467
7562
7615
7616
7665
7713
7772
7813
7818
7878
7907
7971
8066
8087
8098
8125
8177
8182
8211
8231
8330
8335
8375
8400
8444
8459
8531
8576
8646
8723
8731
8756
8804
8860
8954
9009
9087
9145
9242
9259
9352
9441
9452
9532
9606
9642
9675
9757
9811
9822
9909
9963
9964
10039
10088
10089
10154
10182
10282
10362
10456
10539
10585
10612
10629
10668
10749
10809
10827
10841
10896
10945
11004
11032
11102
11194
11261
11353
11379
11395
11429
11510
11537
11588
11670
11725
11751
11810
11904
11932
11968
12063
12103
12145
12215
12240
12308
12318
12393
12394
12490
12590
12608
12634
12690
12783
12862
12897
12989
12995
13088
13090
13102
13173
13235
13327
13334
13375
13376
13424
13455
13458
13487
13501
13523
13603
13679
13759
13766
13831
13890
13892
13955
13971
14055
14146
14170
14241
14273
14315
14339
14439
14461
14479
14505
14582
14652
14730
14792
14877
14941
15004
15086
15161
15177
15277
15313
15323
15384
15471
15567
15639
15695
15696
15796
15895
15957
16037
16061
16085
16184
16201
16253
16274
16321
16338
16353
16418
16465
16512
16575
16588
16633
16656
16741
16829
16894
16930
16978
17031
17033
17096
17103
17188
17209
17229
17241
17314
17397
17491
17521
17563
17576
17583
17600
17653
17654
17731
17752
17829
17850
17917
18013
18112
18143
18240
18331
18407
18462
18521
18526
18543
18559
18622
18696
18791
18809
18825
18826
18890
18952
19046
19048
19062
19115
19130
19138
19217
19301
19341
19365
19421
19501
19567
19655
19686
19785
19851
19891
19936
20035
20037
20122
20195
20223
20237
20277
20315
20350
20373
20415
20504
20555
20557
20630
20727
20763
20791
20808
20868
20933
20974
21070
21083
21152
21188
21277
21376
21450
21491
21590
21607
21692
21711
21715
21746
21765
21835
21930
22000
22023
22033
22090
22169
22196
22296
22330
22373
22377
22417
22481
22558
22577
22660
22700
22777
22840
22849
22918
22995
23060
23098
23124
23172
23220
23262
23267
23366
23410
23455
23545
23581
23665
23704
23789
23791
23835
23906
23941
24028
24068
24131
24153
24155
24217
24293
24330
24341
24382
24434
24506
24546
24579
24607
24688
24782
24868
24906
24990
25047
25129
25198
25221
25249
25275
25347
25381
25453
25498
25588
25655
25747
25838
25908
25942
26004
26092
26124
26149
26206
26294
26391
26437
26478
26565
26579
26645
26684
26723
26724
26732
26798
26801
26868
26968
27068
27168
27256
27303
27361
27458
27523
27538
27635
27675
27695
27770
27823
27851
27935
28026
28046
28082
28098
28109
28127
28144
28151
28217
28301
28302
28350
28437
28501
28526
28563
28636
28657
28674
28679
28687
28688
28760
28858
28911
28986
29034
29105
29131
29158
29198
29219
29319
29386
29416
29489
29531
29622
29676
29750
29820
29851
29925
30017
30117
30165
30207
30274
30335
30365
30438
30523
30587
30599
30682
30739
30838
30929
30981
31039
31078
31082
31144
31221
31312
31323
31402
31436
31442
31445
31454
31521
31569
31615
31658
31714
31727
31781
31826
31855
31941
32019
32087
32109
32171
32217
32230
32253
32256
32345
32432
32510
32562
32578
32630
32667
32696
32783
32862
32875
32901
32981
33050
33142
33174
33232
33331
33334
33390
33439
33521
33578
33597
33635
33659
33693
33715
33755
33776
33876
33940
33986
34068
34079
34123
34205
34253
34319
34395
34401
34491
34565
34636
34673
34684
34758
34766
34851
34866
34931
34962
35023
35075
35091
35105
35177
35191
35233
35250
35277
35326
35329
35377
35386
35440
35518
35605
35664
35752
35777
35821
35851
35950
35981
36065
36151
36210
36307
36349
36410
36497
36500
36557
36596
36598
36670
36712
36716
36721
36743
36772
36803
36857
36956
36962
37002
37004
37017
37048
37063
37139
37150
37218
37257
37284
37288
37365
37396
37495
37580
37642
37694
37769
37860
37956
38015
38071
38147
38203
38248
38317
38392
38408
38420
38517
38613
38671
38744
38760
38786
38812
38838
38921
39014
39033
39087
39176
39185
39257
39291
39307
39356
39416
39429
39447
39473
39566
39656
39686
39699
39705
39785
39882
39933
40021
40056
40106
40160
40246
40338
40431
40463
40561
40612
40649
40744
40833
40916
40944
40997
41029
41093
41155
41167
41248
41303
41314
41410
41446
41530
41615
41657
41702
41784
41860
41934
41978
42059
42080
42138
42210
42266
42360
42440
42485
42551
42645
42651
42677
42757
42832
42861
42915
42937
43032
43079
43144
43186
43235
43301
43377
43398
43450
43458
43510
43556
43601
43689
43706
43743
43833
43856
43908
43915
43968
43983
44060
44138
44203
44293
44367
44453
44461
44479
44531
44599
44604
44625
44668
44692
44779
44818
44907
44983
45056
45076
45099
45173
45210
45283
45353
45379
45468
45499
45596
45677
45679
45770
45821
45861
45953
45995
46077
46084
46181
46225
46319
46397
46443
46482
46495
46517
46570
46591
46607
46691
46783
46857
46861
46895
46921
46934
47011
47080
47081
47107
47123
47200
47256
47266
47293
47382
47414
47482
47514
47520
47589
47599
47608
47684
47771
47839
47864
47946
47992
48008
48058
48157
48190
48271
48317
48373
48460
48547
48623
48666
48680
48700
48756
48843
48874
48912
49001
49037
49084
49143
49232
49273
49356
49377
49461
49550
49622
49632
49702
49798
49889
49917
49939
50027
50052
50152
50212
50295
50311
50355
50362
50427
50446
50451
50541
50605
50615
50619
50646
50721
50744
50784
50842
50876
50897
50985
51055
51119
51169
51259
51264
51327
51371
51433
51520
51563
51634
51733
51736
51795
51890
51902
51934
52001
52029
52065
52105
52147
52159
