695
717
733
756
794
804
846
889
970
1033
1106
1128
1157
1208
1277
1346
1370
1441
1454
1456
1510
1546
1604
1673
1708
1787
1835
1874
1939
2019
2103
2138
2233
2252
2333
2405
2409
2488
2583
2613
2684
2693
2772
2864
2929
2989
2992
3073
3112
3174
3208
3307
3394
3429
3473
3549
3629
3663
3716
3761
3857
3871
3951
4012
4089
4116
4169
4187
4281
4364
4448
4486
4494
4502
4598
4616
4680
4767
4798
4837
4908
4916
4996
5063
5069
5073
5075
5114
5203
5265
5321
5372
5405
5504
5559
5645
5676
5693
5789
5803
5872
5908
5946
6031
6052
6086
6167
6240
6270
6295
6309
6311
6393
6416
6510
6527
6592
6676
6760
6848
6931
7011
7043
7110
7127
7226
7259
7349
7428
7486
7556
7648
7700
7800
7826
7868
7937
7995
8054
8087
8091
8165
8215
8228
8286
8345
8358
8456
8530
8576
8640
8675
8725
8764
8809
8894
8920
9020
9024
9081
9111
9193
9252
9347
9443
9506
9530
9607
9651
9680
9714
9747
9846
9928
9995
10074
10159
10235
10319
10339
10344
10375
10434
10443
10543
10611
10613
10709
10749
10750
10782
10852
10906
11001
11017
11078
11099
11112
11172
11194
11204
11272
11288
11323
11422
11438
11497
11531
11603
11657
11683
11724
11795
11826
11846
11869
11966
12037
12126
12176
12239
12293
12332
12378
12410
12459
12476
12537
12577
12613
12630
12699
12775
12822
12906
12934
12948
13043
13070
13139
13182
13259
13354
13395
13473
13496
13500
13539
13633
13688
13782
13851
13933
13981
14027
14117
14132
14164
14220
14288
14349
14375
14431
14484
14518
14530
14596
14642
14740
14824
14919
14988
15037
15051
15090
15109
15190
15277
15370
15411
15415
15439
15478
15489
15587
15624
15657
15724
15792
15806
15832
15869
15961
16041
16067
16163
16225
16280
16317
16408
16409
16463
16528
16537
16602
16617
16671
16757
16800
16823
16828
16883
16955
16967
17000
17008
17047
17143
17160
17213
17223
17231
17304
17311
17320
17372
17455
17507
17575
17585
17641
17730
17808
17837
17930
18012
18020
18059
18123
18143
18194
18204
18284
18309
18363
18441
18488
18568
18588
18638
18708
18771
18794
18878
18904
18979
19030
19055
19061
19099
19110
19154
19184
19234
19313
19340
19401
19415
19488
19507
19526
19626
19630
19727
19816
19873
19889
19900
19993
20069
20071
20141
20180
20267
20338
20425
20481
20513
20556
20617
20660
20743
20837
20895
20946
21033
21060
21120
21157
21176
21209
21244
21262
21298
21396
21455
21488
21510
21538
21612
21704
21793
21820
21874
21954
21967
22020
22023
22112
22124
22196
22232
22239
22299
22341
22370
22401
22402
22432
22512
22535
22626
22699
22760
22763
22770
22869
22931
23007
23044
23079
23167
23239
23319
23386
23484
23490
23574
23620
23676
23723
23802
23880
23891
23897
23922
23975
23995
24001
24071
24094
24100
24195
24217
24253
24339
24342
24359
24382
24451
24539
24552
24652
24717
24766
24856
24870
24926
24962
25020
25064
25115
25171
25232
25258
25261
25340
25409
25464
25473
25498
25535
25565
25642
25727
25762
25815
25828
25867
25875
25879
25891
25921
25940
25956
25957
25993
26017
26028
26071
26138
26223
26277
26281
26361
26417
26473
26545
26548
26622
26652
26751
26825
26892
26969
27041
27045
27121
27177
27273
27350
27358
27395
27424
27521
27549
27553
27615
27620
27659
27728
27746
27796
27803
27811
27901
27937
28015
28094
28126
28198
28227
28273
28346
28441
28484
28500
28502
28578
28620
28668
28755
28760
28847
28868
28875
28960
29034
29093
29162
29175
29202
29208
29251
29319
29368
29438
29508
29578
29659
29688
29710
29743
29823
29857
29930
30006
30101
30188
30255
30275
30375
30458
30480
30520
30532
30613
30617
30648
30722
30773
30824
30825
30835
30935
30962
30988
31001
31042
31140
31207
31245
31326
31412
31422
31490
31542
31618
31683
31705
31721
31801
31870
31891
31895
31913
31918
32003
32017
32047
32075
32147
32184
32262
32286
32311
32372
32460
32528
32626
32706
32732
32739
32779
32838
32938
32976
32985
33018
33023
33089
33185
33193
33261
33334
33389
33435
33457
33465
33540
33616
33634
33732
33792
33878
33967
34067
34104
34117
34162
34235
34267
34350
34421
34439
34533
34606
34632
34686
34767
34854
34935
34939
34954
35041
35137
35210
35227
35300
35362
35427
35475
35551
35557
35602
35696
35729
35788
35852
35892
35962
35969
35984
36049
36088
36144
36242
36319
36357
36413
36511
36537
36578
36644
36728
36779
36839
36881
36951
37000
37047
37099
37175
37221
37284
37304
37309
37376
37452
37486
37552
37583
37608
37616
37677
37747
37799
37828
37864
37929
37979
38064
38077
38175
38193
38267
38275
38331
38356
38394
38437
38467
38566
38633
38639
38658
38755
38804
38843
38922
38926
38933
38977
38978
39035
39109
39183
39223
39242
39320
39328
39403
39494
39546
39563
39650
39704
39715
39774
39860
39955
39976
40070
40096
40139
40226
40319
40397
40407
40421
40457
40508
40597
40614
40621
40674
40676
40759
40787
40877
40953
40961
41029
41105
41106
41160
41174
41233
41271
41367
41444
41456
41552
41651
41682
41782
41784
41823
41877
41929
42003
42062
42139
42198
42291
42358
42365
42384
42390
42400
42439
42484
42517
42540
42583
42672
42681
42773
42856
42925
43017
43094
43143
43240
43314
43324
43387
43447
43513
43595
43650
43665
43735
43834
43879
43883
43897
43911
43980
44010
44083
44141
44176
44272
44295
44307
44405
44453
44485
44571
44604
44616
44669
44741
44810
44844
44891
44933
45011
45088
45176
45248
45269
45358
45449
45480
45545
45620
45678
45706
45775
45847
45850
45932
45963
45972
46008
46053
46103
46176
46210
46273
46367
46373
46381
46424
46443
46508
46577
46643
46710
46802
46823
46835
46920
46972
46990
46996
47069
47155
47202
47268
47358
47429
47456
47515
47594
47634
47658
47669
47688
47781
47798
47897
47949
48039
48089
48151
48243
48335
48354
48381
48419
48510
48528
48605
48611
48659
48749
48759
48794
48852
48861
48935
48967
49064
49162
49201
49233
49263
49276
49345
49431
49531
49564
49638
49671
49751
49802
49889
49937
49945
49983
50023
50073
50147
50150
50222
50259
50295
50353
50370
50440
50472
50519
50533
50616
50626
50710
50787
50831
50911
50936
50973
51061
51062
51120
51181
51242
51264
