175
212
216
307
347
357
427
513
593
615
667
723
793
843
865
937
999
1049
1067
1144
1244
1258
1341
1369
1469
1531
1628
1652
1720
1773
1815
1903
1998
2019
2095
2146
2237
2263
2335
2337
2385
2445
2545
2567
2616
2620
2703
2790
2798
2895
2904
2909
2930
2975
2993
3049
3126
3162
3173
3237
3331
3415
3484
3535
3567
3652
3709
3772
3852
3911
3921
3927
3949
3972
4063
4070
4101
4140
4203
4249
4343
4401
4469
4472
4508
4597
4641
4674
4680
4728
4775
4842
4875
4888
4942
5023
5086
5163
5172
5217
5227
5266
5348
5375
5387
5435
5492
5576
5626
5695
5754
5785
5828
5865
5933
6025
6075
6104
6201
6226
6306
6333
6344
6356
6421
6439
6498
6573
6664
6732
6750
6753
6783
6870
6925
6991
7047
7082
7128
7184
7255
7337
7405
7417
7511
7543
7605
7701
7705
7723
7783
7870
7953
8003
8053
8123
8136
8137
8183
8186
8285
8364
8456
8503
8590
8670
8728
8812
8883
8952
8989
9001
9088
9111
9131
9144
9199
9283
9323
9390
9434
9518
9615
9672
9686
9741
9757
9823
9890
9957
9966
10014
10050
10145
10203
10272
10332
10333
10370
10398
10440
10488
10538
10625
10714
10782
10787
10823
10852
10923
10933
10938
10957
11026
11109
11206
11281
11351
11385
11406
11410
11433
11506
11583
11606
11650
11743
11829
11888
11929
11961
12002
12016
12108
12138
12180
12280
12312
12398
12455
12534
12562
12607
12684
12732
12758
12795
12881
12908
12952
13000
13052
13133
13229
13258
13303
13376
13454
13473
13512
13612
13697
13747
13796
13896
13929
14015
14086
14111
14129
14156
14159
14227
14302
14343
14382
14385
14473
14492
14495
14540
14592
14633
14651
14663
14711
14756
14780
14821
14871
14881
14958
15042
15068
15118
15198
15205
15275
15370
15460
15555
15560
15653
15675
15772
15779
15837
15934
16029
16085
16116
16189
16266
16287
16381
16467
16528
16590
16603
16627
16681
16696
16739
16784
16816
16858
16952
16985
17014
17113
17202
17299
17320
17366
17455
17505
17587
17627
17719
17740
17775
17827
17894
17976
18022
18035
18079
18126
18197
18272
18370
18430
18483
18504
18554
18561
18656
18729
18734
18737
18802
18832
18877
18895
18984
19014
19037
19109
19134
19157
19196
19263
19330
19428
19471
19478
19526
19597
19655
19733
19742
19756
19853
19893
19982
20009
20032
20042
20108
20120
20199
20256
20310
20370
20437
20491
20582
20632
20637
20658
20713
20741
20833
20901
20955
21001
21081
21109
21144
21157
21253
21258
21270
21325
21405
21431
21434
21488
21543
21577
21660
21714
21783
21802
21884
21923
22006
22087
22158
22250
22340
22348
22445
22533
22564
22663
22730
22754
22796
22843
22861
22869
22954
22975
23070
23081
23097
23158
23230
23316
23324
23354
23413
23450
23472
23560
23644
23663
23668
23677
23767
23795
23806
23810
23824
23829
23910
23926
23939
23993
24074
24088
24170
24218
24254
24348
24373
24433
24505
24540
24630
24656
24707
24754
24851
24897
24945
24955
25002
25039
25055
25079
25157
25209
25267
25311
25381
25453
25475
25529
25532
25604
25693
25734
25818
25857
25868
25922
25944
26036
26041
26121
26124
26201
26246
26298
26331
26367
26397
26444
26526
26592
26626
26662
26707
26713
26796
26878
26955
27040
27073
27115
27194
27205
27266
27351
27374
27407
27446
27483
27557
27624
27705
27708
27795
27842
27847
27859
27867
27902
27922
28018
28032
28042
28131
28180
28255
28306
28401
28405
28415
28441
28457
28535
28600
28614
28704
28798
28853
28952
29046
29139
29220
29263
29334
29382
29409
29496
29581
29652
29654
29656
29675
29708
29746
29772
29778
29844
29907
29950
29987
30005
30020
30081
30133
30137
30192
30230
30308
30390
30453
30475
30503
30546
30608
30644
30650
30713
30812
30863
30938
30960
30967
31018
31048
31121
31148
31181
31252
31300
31341
31436
31495
31518
31527
31538
31569
31623
31720
31742
31788
31796
31805
31831
31839
31903
31922
31926
31939
31956
31984
32045
32062
32145
32204
32286
32315
32408
32432
32514
32525
32547
32549
32638
32674
32743
32747
32783
32883
32938
32992
33034
33092
33095
33155
33179
33228
33272
33344
33375
33455
33477
33513
33558
33649
33715
33732
33749
33816
33845
33901
33904
33965
33985
34009
34015
34059
34088
34176
34251
34306
34384
34429
34524
34599
34654
34664
34683
34723
34736
34821
34904
34911
35006
35038
35126
35184
35226
35315
35390
35397
35451
35475
35572
35613
35689
35784
35845
35862
35898
35953
35994
36090
36155
36167
36241
36262
36348
36430
36446
36521
36571
36625
36632
36728
36801
36814
36884
36886
36959
37053
37136
37161
37245
37330
37367
37399
37439
37487
37555
37586
37665
37699
37752
37800
37891
37910
37959
38034
38132
38139
38229
38247
38301
38348
38370
38464
38520
38549
38582
38606
38690
38699
38722
38800
38857
38922
38965
38975
39068
39152
39222
39232
39320
39358
39368
39461
39508
39533
39585
39666
39715
39743
39831
39914
39972
40048
40077
40089
40151
40190
40232
40245
40248
40287
40348
40409
40479
40523
40610
40692
40738
40754
40853
40902
40938
41031
41071
41139
41210
41241
41306
41313
41330
41379
41425
41490
41567
41573
41629
41631
41704
41796
41888
41962
42030
42091
42161
42232
42240
42327
42407
42446
42465
42555
42654
42689
42734
42776
42809
42855
42898
42973
42980
42994
43057
43153
43155
43198
43255
43322
43364
43389
43418
43462
43541
43629
43692
43788
43790
43869
43923
43924
43953
44043
44108
44133
44148
44199
44241
44246
44310
44336
44352
44404
44458
44516
44538
44548
44611
44625
44721
44790
44875
44887
44964
44978
45045
45077
45126
45226
45300
45364
45374
45434
45478
45552
45637
45713
45763
45836
45869
45903
45939
45974
46067
46167
46181
46227
46237
46246
46296
46384
46480
46508
46557
46605
46615
46644
46733
46783
46836
46923
46989
47032
47056
47125
47222
47261
47308
47376
47393
47444
47489
47574
47667
47756
47827
47834
47867
47929
48024
48027
48036
48106
48164
48263
48272
48339
48345
48371
48404
48438
48497
48569
48603
48616
48670
48764
48829
48919
48954
48959
49020
49078
49134
49154
49228
49310
49394
49460
49480
49567
49581
49657
49707
49763
49847
49912
49991
50053
50141
50228
50315
50373
50466
50512
50524
50599
50689
