378
393
459
527
610
649
725
733
823
854
880
950
964
1022
1056
1069
1134
1179
1190
1290
1340
1344
1352
1372
1459
1492
1548
1620
1689
1752
1763
1793
1882
1954
1955
2012
2109
2166
2185
2227
2317
2390
2422
2487
2546
2577
2644
2741
2746
2842
2908
3007
3081
3162
3186
3244
3329
3370
3456
3468
3524
3622
3722
3809
3853
3922
4017
4108
4145
4201
4235
4298
4394
4469
4509
4550
4588
4595
4649
4729
4763
4846
4934
4945
5041
5092
5186
5214
5261
5348
5356
5385
5479
5497
5501
5586
5597
5604
5606
5643
5725
5742
5805
5876
5878
5922
5949
5994
6053
6061
6121
6156
6252
6307
6325
6407
6433
6532
6613
6706
6725
6794
6827
6897
6930
6981
7077
7103
7168
7244
7269
7273
7354
7433
7440
7503
7553
7651
7728
7775
7779
7838
7919
7945
7952
8019
8041
8136
8190
8209
8259
8314
8335
8390
8426
8495
8555
8617
8658
8746
8831
8903
8961
8975
8979
8982
9019
9105
9169
9255
9323
9348
9370
9451
9517
9522
9599
9602
9700
9702
9755
9767
9812
9855
9937
10016
10074
10154
10178
10243
10341
10426
10512
10540
10571
10591
10648
10705
10766
10805
10876
10971
10987
11046
11082
11138
11142
11232
11304
11403
11480
11522
11565
11567
11592
11593
11677
11734
11752
11779
11876
11922
12003
12097
12176
12231
12291
12357
12411
12503
12531
12620
12698
12739
12797
12831
12931
12996
13067
13081
13111
13122
13127
13216
13302
13334
13421
13450
13548
13631
13678
13764
13859
13875
13912
13919
13929
13976
14010
14047
14050
14057
14093
14176
14252
14348
14365
14377
14456
14483
14552
14602
14645
14724
14755
14800
14867
14909
14958
15000
15031
15038
15090
15109
15119
15218
15304
15398
15415
15483
15494
15584
15597
15645
15667
15714
15767
15787
15816
15915
15925
16010
16109
16119
16133
16145
16177
16247
16277
16308
16348
16359
16398
16464
16473
16488
16489
16563
16620
16670
16680
16738
16817
16848
16873
16884
16892
16925
16981
16984
16989
17009
17107
17159
17233
17281
17371
17455
17509
17608
17647
17723
17731
17743
17765
17805
17840
17867
17951
18038
18070
18170
18240
18320
18403
18424
18487
18579
18627
18676
18720
18795
18885
18968
19060
19103
19142
19217
19285
19378
19406
19473
19498
19570
19657
19709
19796
19886
19899
19958
20057
20071
20148
20159
20203
20291
20306
20312
20313
20379
20431
20471
20492
20579
20653
20750
20756
20777
20810
20868
20910
20947
21017
21106
21202
21298
21361
21413
21420
21425
21501
21599
21670
21708
21722
21797
21881
21904
21994
22058
22124
22202
22277
22282
22336
22423
22462
22537
22594
22667
22673
22675
22733
22813
22891
22954
22989
23068
23133
23154
23171
23242
23306
23319
23340
23422
23508
23573
23602
23616
23654
23686
23706
23806
23847
23875
23926
24014
24026
24045
24120
24209
24305
24395
24486
24538
24562
24655
24696
24796
24867
24961
25007
25040
25075
25102
25143
25147
25197
25217
25261
25329
25356
25427
25507
25562
25598
25655
25703
25713
25748
25845
25881
25977
26003
26093
26117
26160
26175
26205
26208
26260
26276
26361
26450
26463
26533
26632
26724
26791
26885
26965
27047
27054
27066
27103
27177
27271
27351
27382
27405
27500
27580
27661
27683
27734
27806
27866
27876
27915
27920
27946
28014
28038
28120
28129
28189
28282
28336
28398
28434
28506
28566
28647
28703
28748
28816
28866
28871
28962
29016
29082
29107
29152
29192
29222
29300
29358
29359
29458
29524
29573
29626
29673
29732
29750
29780
29813
29821
29823
29902
29918
29991
30082
30160
30165
30242
30302
30366
30386
30388
30478
30547
30566
30634
30686
30706
30771
30832
30917
31013
31061
31150
31154
31175
31222
31300
31377
31433
31435
31530
31622
31691
31707
31729
31740
31811
31830
31853
31919
31939
32028
32095
32189
32246
32315
32338
32421
32435
32523
32563
32586
32635
32645
32745
32833
32865
32928
33011
33029
33109
33177
33245
33285
33286
33379
33453
33502
33531
33612
33658
33695
33778
33799
33837
33914
33996
34010
34017
34027
34037
34067
34129
34184
34262
34286
34293
34376
34434
34488
34502
34582
34654
34667
34721
34771
34838
34897
34957
35041
35074
35083
35136
35208
35286
35347
35427
35444
35466
35490
35492
35499
35524
35533
35627
35727
35786
35814
35845
35944
35986
36036
36105
36128
36181
36221
36272
36274
36321
36396
36437
36488
36527
36560
36644
36652
36709
36716
36800
36810
36826
36836
36845
36940
37034
37084
37109
37192
37222
37229
37249
37308
37393
37463
37486
37535
37572
37672
37709
37719
37724
37788
37882
37938
38033
38133
38220
38294
38299
38392
38459
38519
38530
38614
38649
38652
38692
38747
38773
38817
38873
38890
38949
38961
38998
39096
39160
39191
39242
39277
39284
39311
39326
39344
39410
39419
39453
39528
39603
39640
39717
39800
39850
39874
39941
39992
40038
40071
40082
40165
40208
40307
40386
40463
40542
40620
40670
40718
40816
40905
40910
40979
40994
41028
41111
41132
41177
41184
41226
41232
41269
41319
41359
41410
41417
41462
41488
41508
41524
41552
41568
41616
41677
41750
41753
41820
41874
41886
41982
42047
42145
42216
42222
42322
42408
42502
42518
42559
42606
42677
42699
42733
42825
42920
43017
43051
43111
43193
43221
43290
43378
43385
43450
43463
43545
43628
43637
43649
43673
43709
43778
43841
43891
43981
44016
44054
44139
44221
44264
44324
44347
44413
44500
44535
44592
44612
44709
44782
44853
44929
45026
45081
45114
45119
45214
45265
45310
45379
45447
45534
45610
45699
45714
45767
45794
45852
45935
45984
46012
46094
46170
46183
46278
46289
46307
46374
46383
46385
46454
46464
46485
46519
46532
46605
46616
46678
46729
46751
46807
46845
46848
46929
46986
47079
47117
47143
47177
47212
47247
47309
47345
47399
47486
47530
47569
47593
47649
47686
47693
47765
47770
47806
47817
47873
47904
47940
48025
48083
48129
48205
48257
48303
48396
48414
48510
48596
48650
48735
48759
48815
48853
48899
48914
48917
49014
49054
49144
49227
49228
49327
49369
49381
49457
49540
49602
49700
49777
49803
49861
49870
49914
49955
50043
50105
50110
50198
50256
50347
50385
50453
50551
50615
50625
50695
50785
50879
50945
50960
51023
51067
51108
51132
51210
51240
51308
51322
51394
51455
51550
51561
