82
128
169
209
235
243
312
345
402
449
470
541
613
709
713
805
857
892
930
1006
1021
1030
1040
1063
1158
1207
1229
1282
1317
1339
1405
1416
1482
1578
1583
1645
1711
1769
1859
1946
1996
2048
2137
2138
2164
2178
2248
2306
2325
2369
2438
2499
2500
2523
2616
2710
2775
2838
2886
2892
2938
2968
3065
3111
3166
3264
3320
3345
3406
3482
3568
3570
3604
3698
3730
3751
3823
3860
3889
3937
4026
4082
4143
4207
4240
4314
4368
4384
4434
4470
4569
4597
4683
4777
4843
4917
4996
5003
5074
5085
5157
5189
5213
5250
5290
5367
5447
5503
5548
5632
5665
5698
5758
5857
5895
5976
5988
6049
6065
6121
6128
6177
6194
6227
6304
6306
6369
6439
6539
6550
6567
6569
6642
6733
6832
6909
6964
7063
7094
7191
7278
7318
7326
7397
7433
7479
7512
7587
7602
7650
7742
7764
7846
7894
7974
8038
8137
8182
8232
8294
8390
8425
8468
8496
8590
8613
8667
8688
8742
8815
8859
8957
9025
9042
9122
9165
9263
9305
9402
9445
9465
9466
9497
9590
9605
9638
9737
9835
9861
9892
9897
9930
10022
10071
10089
10158
10214
10235
10334
10340
10346
10360
10370
10389
10414
10432
10520
10601
10622
10698
10778
10803
10852
10860
10950
10995
11088
11183
11275
11307
11393
11406
11426
11472
11490
11515
11570
11652
11732
11767
11815
11884
11900
11928
12015
12023
12047
12125
12128
12154
12253
12344
12355
12442
12529
12531
12584
12636
12671
12699
12732
12756
12768
12835
12860
12932
12967
13039
13042
13097
13156
13220
13290
13298
13316
13405
13437
13473
13504
13515
13534
13549
13588
13672
13731
13802
13817
13867
13932
13961
13980
14075
14087
14156
14188
14265
14309
14376
14422
14493
14507
14528
14575
14671
14674
14692
14715
14774
14834
14863
14891
14895
14933
15022
15095
15171
15188
15266
15300
15387
15441
15465
15560
15625
15648
15690
15721
15728
15782
15792
15815
15885
15977
16076
16104
16153
16227
16295
16297
16300
16346
16435
16526
16531
16591
16615
16714
16762
16768
16790
16806
16850
16922
17020
17026
17055
17142
17149
17184
17219
17307
17395
17414
17506
17574
17630
17720
17807
17903
17994
18060
18132
18202
18235
18295
18350
18389
18425
18489
18515
18602
18666
18718
18765
18828
18867
18899
18968
18995
19039
19121
19141
19148
19234
19260
19277
19326
19424
19454
19477
19516
19528
19554
19623
19684
19736
19810
19877
19932
19955
20017
20077
20146
20167
20203
20234
20285
20342
20346
20437
20478
20563
20568
20581
20675
20704
20777
20825
20827
20868
20926
20974
21052
21103
21142
21208
21263
21352
21430
21441
21518
21591
21618
21646
21717
21762
21850
21881
21975
22005
22008
22044
22129
22221
22270
22297
22359
22432
22448
22457
22463
22527
22535
22592
22646
22692
22724
22811
22873
22932
22976
23066
23104
23166
23236
23328
23389
23407
23410
23486
23567
23658
23749
23801
23860
23932
23971
23980
24023
24109
24158
24256
24282
24361
24368
24382
24460
24543
24577
24613
24709
24719
24808
24866
24926
25026
25093
25169
25199
25210
25243
25342
25380
25401
25497
25584
25600
25616
25660
25722
25769
25826
25899
25962
26029
26048
26079
26129
26148
26248
26325
26425
26484
26530
26580
26656
26727
26827
26875
26923
26936
27034
27036
27038
27112
27207
27276
27318
27407
27424
27462
27518
27602
27654
27717
27774
27826
27885
27928
27986
27998
28008
28091
28176
28214
28292
28384
28481
28520
28593
28687
28784
28822
28839
28850
28867
28950
28961
28974
29013
29095
29134
29190
29274
29293
29304
29390
29425
29472
29517
29546
29589
29603
29666
29713
29736
29792
29805
29816
29846
29881
29933
29984
30044
30064
30150
30250
30349
30401
30451
30505
30566
30602
30644
30652
30660
30683
30693
30695
30790
30832
30835
30925
30964
31053
31111
31145
31231
31329
31390
31447
31451
31521
31527
31593
31612
31617
31628
31685
31693
31725
31769
31851
31951
32034
32118
32214
32242
32274
32367
32458
32536
32564
32578
32657
32685
32694
32744
32821
32899
32978
32983
33030
33078
33146
33168
33198
33274
33316
33322
33396
33493
33561
33594
33663
33691
33711
33714
33810
33867
33943
33961
34012
34074
34140
34177
34239
34264
34299
34331
34367
34455
34502
34596
34614
34692
34759
34850
34853
34877
34910
34930
34970
34997
35036
35056
35062
35120
35135
35202
35208
35263
35327
35354
35438
35526
35621
35710
35771
35852
35856
35943
36015
36069
36087
36134
36224
36266
36336
36337
36360
36413
36481
36520
36522
36523
36586
36610
36674
36679
36695
36778
36819
36846
36934
36973
36980
37074
37127
37211
37251
37319
37363
37370
37448
37529
37581
37584
37655
37718
37727
37813
37862
37898
37901
37933
37992
38004
38079
38160
38167
38177
38184
38253
38313
38317
38351
38372
38429
38443
38504
38527
38548
38633
38641
38727
38758
38812
38874
38915
38963
39014
39026
39083
39130
39177
39190
39211
39290
39321
39363
39399
39467
39486
39498
39573
39644
39672
39757
39770
39787
39818
39917
40002
40093
40102
40161
40238
40307
40369
40411
40493
40537
40557
40640
40725
40809
40826
40884
40898
40957
41048
41103
41116
41146
41242
41314
41398
41434
41461
41554
41636
41681
41733
41829
41836
41845
41903
41952
42027
42043
42111
42194
42195
42246
42307
42402
42470
42511
42561
42643
42735
42827
42866
42901
42994
43053
43069
43132
43205
43230
43268
43307
43321
43395
43488
43577
43635
43697
43789
43807
43892
43968
43997
44060
44084
44175
44273
44326
44357
44425
44493
44512
44611
44620
44662
44734
44769
44803
44892
44917
44956
45009
45037
45052
45112
45128
45133
45185
45261
45308
45408
45431
45436
45519
45609
45681
45700
45728
45805
45887
45928
45982
46028
46111
46182
46245
46306
46340
46352
46411
46495
46557
46629
46646
46741
46804
46858
46903
46963
47055
47116
47133
47228
47312
47349
47402
47426
47431
47494
47532
47570
47607
47655
47749
47754
47852
47905
47985
48003
48023
48063
48065
48108
48145
48179
48235
48285
48356
48454
48511
48534
48562
48628
48655
48706
48787
48844
48858
48925
48945
49005
49096
49160
49184
49265
49338
49411
49476
49546
49564
49567
49600
49643
49665
49751
49823
49847
49848
49864
49962
50054
50098
50118
50165
50199
50241
50287
50321
50323
