295
360
408
488
565
641
672
677
716
746
793
836
884
976
1006
1052
1067
1104
1107
1134
1140
1235
1324
1392
1451
1546
1626
1638
1666
1735
1818
1916
1953
1968
2040
2066
2084
2159
2171
2182
2250
2308
2404
2406
2482
2534
2573
2657
2668
2729
2777
2843
2894
2981
3009
3105
3109
3152
3191
3256
3293
3360
3434
3517
3523
3580
3586
3608
3700
3710
3789
3842
3912
3987
4021
4048
4105
4110
4111
4160
4258
4265
4334
4337
4394
4434
4439
4450
4504
4574
4612
4675
4751
4850
4872
4884
4903
4951
4999
5047
5143
5177
5181
5202
5244
5338
5345
5439
5473
5533
5586
5673
5695
5711
5792
5864
5872
5896
5915
5960
6014
6067
6129
6181
6240
6279
6370
6426
6501
6547
6606
6637
6733
6803
6825
6875
6942
6967
7031
7109
7190
7236
7242
7244
7268
7291
7336
7350
7394
7416
7461
7486
7525
7587
7639
7735
7737
7747
7776
7865
7942
7953
8004
8085
8088
8134
8167
8221
8293
8332
8407
8445
8478
8576
8667
8757
8809
8901
8968
9028
9096
9124
9189
9255
9301
9325
9420
9489
9498
9535
9621
9686
9763
9792
9861
9890
9949
9976
10028
10110
10210
10231
10317
10355
10441
10483
10558
10589
10637
10696
10769
10796
10842
10886
10928
10981
11014
11040
11077
11106
11202
11234
11307
11346
11431
11432
11505
11514
11550
11565
11618
11626
11634
11686
11771
11870
11964
12004
12030
12034
12070
12103
12197
12279
12365
12370
12408
12428
12489
12498
12500
12524
12568
12591
12683
12734
12818
12903
12998
13056
13154
13173
13240
13323
13341
13413
13503
13575
13608
13632
13649
13747
13830
13846
13863
13891
13934
13977
14058
14118
14183
14213
14289
14319
14329
14339
14397
14405
14468
14517
14524
14613
14644
14671
14687
14690
14718
14728
14743
14799
14818
14862
14932
14946
14955
15040
15087
15145
15167
15202
15219
15234
15266
15316
15322
15345
15428
15521
15581
15640
15715
15763
15860
15946
15974
16030
16050
16090
16118
16160
16189
16219
16289
16379
16420
16460
16554
16654
16706
16723
16727
16815
16888
16918
16936
17023
17099
17100
17184
17264
17279
17305
17313
17371
17434
17450
17495
17499
17500
17505
17521
17594
17631
17662
17674
17770
17798
17857
17861
17950
17976
18068
18072
18153
18211
18284
18371
18378
18390
18440
18443
18517
18562
18595
18671
18723
18725
18751
18830
18848
18922
19016
19109
19159
19234
19329
19379
19406
19467
19538
19614
19700
19764
19780
19803
19872
19918
19978
20069
20145
20170
20178
20271
20314
20330
20332
20390
20456
20495
20533
20551
20603
20643
20672
20753
20756
20777
20833
20889
20963
21050
21073
21145
21214
21228
21285
21309
21353
21384
21443
21456
21542
21639
21734
21831
21893
21917
21923
21948
22044
22127
22203
22224
22266
22338
22375
22391
22419
22497
22594
22676
22747
22789
22798
22893
22915
22945
23010
23036
23068
23120
23129
23147
23238
23322
23334
23379
23462
23513
23603
23653
23708
23807
23841
23887
23898
23941
24012
24024
24100
24110
24147
24179
24185
24219
24315
24317
24355
24412
24427
24510
24608
24638
24677
24766
24787
24843
24878
24921
24948
24960
24993
25019
25040
25139
25174
25192
25250
25308
25355
25433
25442
25505
25507
25542
25625
25629
25717
25777
25801
25842
25845
25865
25945
25996
26004
26028
26123
26203
26237
26299
26399
26489
26545
26608
26611
26686
26744
26814
26819
26914
26917
26999
27064
27144
27213
27266
27274
27293
27321
27359
27408
27434
27493
27530
27615
27639
27678
27724
27776
27827
27900
27950
27951
27994
28028
28068
28116
28193
28201
28212
28236
28309
28338
28348
28374
28430
28444
28516
28591
28637
28650
28655
28725
28822
28884
28925
28980
28993
29066
29084
29125
29126
29145
29206
29300
29324
29377
29398
29409
29488
29520
29599
29690
29697
29710
29734
29833
29875
29885
29894
29988
30046
30110
30178
30198
30208
30255
30304
30393
30461
30472
30522
30562
30610
30619
30653
30695
30728
30757
30797
30803
30876
30949
31003
31091
31105
31189
31207
31275
31355
31377
31432
31465
31478
31525
31598
31671
31729
31787
31868
31957
31978
32025
32110
32176
32252
32300
32379
32381
32465
32479
32521
32570
32649
32692
32759
32795
32885
32964
33023
33077
33085
33111
33135
33233
33272
33293
33356
33374
33469
33502
33556
33576
33594
33615
33676
33732
33781
33841
33845
33867
33881
33928
33996
34096
34112
34187
34258
34328
34353
34430
34486
34544
34579
34666
34748
34774
34862
34910
34916
34980
34986
35034
35045
35126
35159
35239
35286
35329
35378
35468
35548
35629
35679
35690
35746
35796
35841
35857
35941
35958
36031
36045
36120
36135
36217
36281
36305
36405
36453
36514
36555
36574
36619
36688
36744
36834
36926
36989
37021
37114
37183
37254
37280
37327
37409
37457
37471
37503
37520
37602
37700
37793
37842
37861
37912
37920
37944
37982
38067
38166
38178
38250
38251
38290
38365
38424
38497
38533
38539
38590
38623
38713
38771
38798
38875
38899
38909
38954
39021
39118
39196
39286
39347
39366
39420
39449
39519
39568
39635
39721
39792
39797
39863
39946
40034
40071
40158
40174
40253
40345
40381
40438
40446
40471
40520
40561
40643
40692
40741
40832
40917
40923
40927
40970
40977
41013
41100
41139
41160
41201
41285
41352
41393
41397
41469
41557
41610
41660
41755
41827
41906
41917
42004
42061
42092
42169
42182
42268
42273
42311
42344
42377
42379
42403
42447
42530
42551
42622
42714
42792
42824
42890
42901
42966
43062
43104
43194
43239
43279
43338
43425
43463
43476
43531
43591
43603
43618
43661
43746
43806
43835
43866
43927
44026
44079
44118
44183
44207
44288
44290
44348
44430
44456
44540
44566
44633
44669
44759
44787
44819
44879
44902
44951
45025
45045
45105
45184
45228
45277
45284
45299
45387
45398
45463
45534
45614
45663
45699
45789
45818
45871
45885
45893
45974
46009
46072
46115
46158
46215
46310
46352
46428
46519
46532
46611
46689
46767
46864
46929
47028
47075
47133
47182
47274
47308
47380
47405
47407
47446
47516
47575
47659
47707
47789
47826
47838
47851
47852
47900
47942
48038
48114
48122
48213
48225
48282
48340
48413
48505
48584
48629
48669
48765
48856
48864
48958
49037
49074
49110
49205
49219
49288
49357
49396
49418
49462
49484
49532
