702
761
837
916
988
1004
1022
1099
1182
1280
1316
1372
1409
1464
1543
1557
1637
1678
1681
1717
1745
1823
1922
1967
1971
2053
2087
2163
2183
2215
2236
2292
2338
2348
2396
2429
2521
2615
2689
2719
2758
2847
2878
2912
2978
3054
3069
3092
3148
3181
3253
3296
3389
3426
3446
3525
3551
3553
3634
3650
3669
3685
3782
3789
3794
3851
3934
4028
4085
4104
4153
4229
4317
4319
4322
4379
4387
4394
4399
4497
4534
4580
4658
4669
4723
4730
4775
4811
4888
4986
4997
5070
5112
5163
5198
5246
5298
5395
5457
5504
5589
5604
5672
5737
5818
5901
5984
5989
6042
6072
6163
6181
6190
6200
6288
6325
6357
6375
6443
6481
6580
6606
6658
6680
6726
6760
6801
6812
6846
6944
6983
7055
7117
7138
7202
7257
7334
7410
7476
7558
7596
7622
7625
7657
7714
7740
7803
7824
7864
7959
8059
8159
8173
8272
8289
8359
8426
8478
8543
8545
8568
8578
8603
8663
8759
8760
8809
8837
8885
8962
9011
9014
9102
9161
9239
9242
9315
9357
9380
9429
9446
9535
9559
9599
9620
9692
9765
9789
9841
9924
9929
9931
9983
9993
10027
10089
10103
10200
10264
10291
10335
10414
10455
10549
10594
10687
10720
10800
10848
10851
10890
10986
11040
11080
11151
11238
11239
11243
11309
11377
11418
11488
11494
11561
11574
11612
11675
11678
11702
11757
11816
11886
11934
12021
12028
12040
12090
12173
12250
12297
12378
12465
12523
12529
12578
12586
12676
12714
12788
12789
12792
12843
12927
12972
12985
13020
13083
13137
13179
13267
13268
13315
13369
13381
13473
13477
13523
13552
13613
13669
13722
13789
13825
13844
13851
13880
13946
13962
14030
14106
14116
14183
14229
14273
14319
14343
14378
14473
14549
14643
14705
14706
14779
14853
14921
15001
15005
15083
15089
15166
15196
15250
15335
15410
15507
15524
15614
15679
15729
15765
15779
15868
15944
16044
16089
16182
16229
16238
16289
16350
16373
16375
16406
16415
16456
16460
16488
16506
16601
16647
16664
16677
16703
16736
16794
16889
16919
16937
16963
17056
17088
17092
17191
17250
17292
17368
17430
17500
17599
17682
17781
17845
17865
17943
18002
18014
18113
18123
18138
18174
18182
18270
18297
18309
18405
18410
18508
18581
18639
18714
18734
18789
18838
18931
19025
19047
19054
19138
19173
19252
19351
19360
19402
19502
19535
19571
19594
19680
19760
19818
19898
19984
20009
20079
20130
20182
20233
20240
20313
20383
20397
20428
20496
20592
20680
20757
20806
20906
20948
21006
21032
21052
21127
21153
21208
21297
21340
21419
21440
21524
21611
21635
21651
21723
21806
21878
21941
21994
22073
22078
22161
22224
22280
22380
22436
22470
22559
22589
22616
22618
22658
22681
22750
22798
22848
22901
22990
23040
23074
23171
23199
23230
23241
23313
23391
23442
23456
23508
23541
23627
23707
23708
23771
23859
23898
23924
23963
24019
24090
24128
24196
24264
24283
24357
24423
24497
24510
24517
24603
24685
24773
24779
24832
24833
24890
24970
25035
25086
25172
25247
25249
25322
25371
25383
25433
25528
25596
25679
25765
25792
25887
25905
25971
25976
26012
26029
26102
26168
26190
26205
26248
26316
26358
26407
26428
26447
26516
26536
26611
26681
26707
26709
26739
26789
26818
26846
26940
27016
27032
27072
27164
27227
27233
27243
27337
27354
27397
27484
27541
27637
27661
27716
27719
27777
27856
27923
27941
28030
28100
28191
28287
28292
28323
28326
28417
28515
28528
28540
28630
28697
28732
28817
28867
28876
28879
28903
28926
28938
28993
29038
29057
29096
29180
29236
29328
29334
29417
29487
29509
29513
29535
29568
29569
29617
29712
29796
29864
29889
29952
30028
30098
30126
30215
30264
30360
30426
30500
30584
30625
30665
30682
30729
30754
30821
30872
30920
30938
30940
31007
31095
31169
31184
31269
31344
31387
31431
31495
31526
31556
31561
31593
31646
31703
31781
31807
31823
31859
31920
32018
32037
32048
32146
32179
32269
32320
32361
32443
32449
32507
32607
32630
32681
32725
32774
32790
32829
32867
32876
32945
32974
33033
33053
33113
33209
33229
33325
33339
33358
33370
33410
33476
33566
33597
33661
33730
33743
33759
33760
33821
33835
33861
33939
34017
34109
34195
34276
34334
34425
34495
34565
34640
34672
34749
34787
34847
34884
34924
34994
35080
35085
35137
35193
35225
35243
35274
35298
35343
35378
35396
35479
35521
35572
35574
35642
35644
35702
35786
35826
35841
35884
35939
36008
36020
36105
36114
36204
36205
36249
36346
36439
36469
36567
36667
36721
36797
36798
36802
36849
36894
36943
36961
37000
37087
37184
37245
37307
37337
37383
37387
37437
37464
37470
37494
37585
37603
37626
37684
37720
37724
37728
37749
37823
37828
37841
37883
37969
37993
38069
38072
38143
38211
38270
38314
38321
38344
38392
38448
38534
38540
38597
38602
38672
38758
38827
38854
38893
38902
38978
39017
39055
39128
39147
39247
39297
39324
39355
39447
39545
39622
39697
39709
39770
39797
39813
39848
39868
39927
39941
39965
40058
40110
40174
40254
40262
40316
40361
40378
40435
40488
40571
40572
40651
40663
40742
40786
40827
40901
40921
41018
41059
41127
41175
41226
41256
41278
41375
41424
41464
41547
41600
41649
41708
41745
41792
41855
41873
41897
41953
41954
42043
42136
42181
42223
42306
42352
42364
42419
42449
42517
42588
42643
42706
42734
42747
42822
42894
42898
42968
43062
43150
43240
43249
43283
43290
43344
43393
43401
43478
43494
43534
43615
43691
43759
43828
43891
43930
44008
44073
44084
44156
44191
44266
44362
44449
44463
44498
44579
44674
44765
44801
44855
44894
44947
44996
45074
45094
45136
45182
45230
45293
45295
45392
45456
45501
45582
45673
45720
45809
45899
45971
46046
46143
46194
46221
46252
46345
46355
46403
46450
46497
46590
46641
46686
46708
46755
46757
46818
46897
46976
47022
47093
47180
47241
47249
47281
47377
47477
47550
47601
47639
47714
47789
47815
47824
47922
47930
47951
48041
48093
48152
48214
48253
48259
48348
48420
48469
48525
48584
48677
48773
48809
48870
48900
48911
48997
49076
49168
49245
49248
49272
49313
49318
49347
49353
49362
49459
49494
49590
49637
49655
49727
49739
49819
49827
49868
49949
49986
50060
50079
50169
50214
50286
50333
50349
50425
50508
50542
50555
50587
50597
