785
826
919
989
994
998
1038
1043
1054
1131
1178
1190
1206
1227
1274
1329
1369
1382
1407
1477
1559
1649
1664
1704
1800
1893
1972
2016
2104
2124
2135
2199
2246
2314
2414
2423
2470
2498
2549
2610
2686
2743
2840
2885
2889
2972
3049
3108
3179
3256
3342
3405
3430
3505
3556
3648
3677
3727
3821
3858
3908
3909
3960
3967
3983
4081
4088
4165
4209
4273
4363
4409
4429
4454
4488
4564
4658
4726
4755
4852
4911
4918
5011
5019
5054
5097
5155
5207
5256
5312
5328
5367
5439
5451
5481
5576
5643
5650
5687
5729
5817
5859
5945
6045
6107
6197
6270
6331
6371
6377
6438
6472
6537
6597
6598
6611
6635
6662
6678
6753
6803
6856
6932
6966
7001
7042
7117
7154
7251
7295
7298
7384
7484
7512
7610
7627
7663
7698
7785
7824
7864
7960
7968
8063
8122
8205
8250
8339
8371
8380
8459
8534
8584
8630
8702
8750
8821
8851
8864
8964
9039
9111
9113
9149
9212
9296
9369
9403
9488
9509
9510
9522
9545
9583
9622
9663
9666
9673
9738
9747
9804
9812
9832
9884
9975
10004
10010
10098
10159
10233
10277
10295
10328
10367
10428
10486
10505
10545
10587
10639
10667
10745
10746
10826
10909
10979
11000
11016
11053
11065
11072
11161
11175
11209
11233
11292
11357
11415
11494
11563
11587
11662
11754
11845
11848
11912
11933
12004
12097
12188
12281
12311
12394
12442
12522
12537
12564
12597
12655
12685
12754
12841
12878
12943
12953
13023
13084
13126
13141
13184
13197
13283
13361
13419
13473
13531
13556
13569
13593
13623
13713
13773
13847
13908
13957
13975
14020
14080
14165
14240
14304
14381
14481
14559
14642
14720
14800
14898
14932
14976
15044
15081
15115
15151
15197
15296
15322
15399
15460
15528
15530
15570
15588
15621
15645
15672
15747
15824
15904
15920
15929
15948
16012
16102
16112
16169
16248
16288
16293
16315
16316
16398
16412
16413
16482
16565
16569
16642
16742
16809
16827
16900
16969
17053
17151
17207
17303
17383
17419
17472
17515
17557
17650
17697
17718
17754
17755
17807
17876
17930
18019
18104
18177
18244
18251
18292
18358
18371
18412
18497
18525
18568
18649
18703
18705
18727
18771
18852
18948
19027
19089
19186
19196
19230
19263
19271
19304
19359
19407
19423
19436
19464
19522
19537
19626
19643
19680
19745
19783
19786
19830
19858
19861
19912
20004
20071
20110
20119
20169
20230
20292
20374
20464
20482
20575
20628
20663
20718
20793
20795
20841
20925
20965
20975
21042
21115
21120
21166
21195
21251
21286
21343
21404
21472
21495
21518
21582
21613
21635
21691
21782
21800
21872
21875
21975
21998
22049
22099
22141
22194
22195
22264
22320
22359
22424
22432
22502
22534
22556
22574
22635
22683
22756
22809
22841
22845
22877
22927
23000
23026
23087
23178
23246
23310
23379
23438
23522
23593
23618
23648
23716
23751
23798
23851
23871
23881
23961
24007
24091
24150
24240
24276
24291
24390
24410
24423
24472
24569
24653
24671
24699
24714
24763
24843
24859
24887
24888
24988
25022
25109
25209
25266
25312
25334
25368
25451
25503
25560
25572
25584
25592
25655
25688
25758
25858
25869
25919
25934
25972
25977
26026
26041
26070
26121
26211
26307
26369
26396
26440
26471
26544
26642
26672
26690
26733
26804
26885
26899
26912
26963
27002
27043
27137
27211
27309
27363
27366
27465
27492
27582
27660
27665
27666
27738
27744
27765
27802
27809
27892
27897
27939
27989
27999
28003
28079
28166
28208
28217
28232
28303
28358
28389
28471
28508
28573
28612
28613
28630
28642
28662
28677
28772
28812
28831
28855
28928
28972
29037
29124
29187
29232
29299
29301
29336
29401
29484
29581
29655
29728
29805
29819
29880
29924
29983
30022
30076
30109
30121
30151
30235
30325
30355
30414
30416
30432
30450
30512
30553
30593
30617
30627
30641
30721
30764
30843
30866
30944
31000
31048
31129
31201
31288
31360
31439
31475
31479
31493
31545
31643
31648
31651
31666
31702
31739
31747
31781
31803
31863
31866
31915
31946
32034
32100
32106
32148
32239
32293
32321
32412
32444
32512
32568
32598
32696
32723
32787
32842
32845
32905
32939
32950
32985
33035
33096
33186
33227
33326
33365
33432
33471
33478
33540
33588
33596
33615
33636
33656
33667
33685
33698
33729
33813
33852
33927
34026
34059
34067
34069
34116
34210
34271
34282
34318
34339
34369
34389
34417
34441
34470
34524
34620
34699
34721
34739
34798
34809
34904
34915
34931
34970
35019
35098
35188
35274
35326
35401
35494
35503
35549
35609
35700
35730
35756
35853
35891
35926
35994
36026
36047
36131
36145
36183
36272
36288
36326
36393
36490
36589
36673
36698
36780
36782
36878
36920
36966
36972
37011
37068
37128
37211
37234
37318
37379
37462
37499
37561
37653
37672
37767
37825
37834
37835
37876
37887
37984
38023
38123
38196
38284
38343
38365
38416
38422
38441
38516
38561
38581
38655
38734
38787
38864
38876
38883
38946
38957
39011
39105
39160
39247
39286
39341
39428
39432
39518
39565
39639
39694
39781
39878
39892
39896
39899
39918
39995
40078
40167
40209
40288
40331
40349
40360
40440
40484
40514
40583
40643
40688
40701
40801
40856
40871
40963
41036
41068
41098
41123
41201
41237
41292
41320
41417
41504
41528
41605
41616
41637
41716
41757
41836
41846
41876
41912
41998
42043
42065
42148
42215
42237
42320
42397
42465
42491
42541
42576
42651
42698
42759
42822
42845
42899
42965
43012
43066
43158
43209
43264
43342
43440
43453
43519
43598
43622
43631
43692
43733
43797
43828
43852
43927
43949
44040
44041
44124
44178
44227
44235
44270
44282
44283
44364
44391
44410
44506
44569
44660
44733
44832
44911
44940
44950
45013
45078
45149
45193
45219
45275
45372
45428
45515
45598
45645
45737
45748
45824
45872
45877
45958
46011
46017
46113
46154
46232
46277
46344
46418
46451
46457
46469
46545
46640
46650
46681
46763
46774
46866
46941
46955
46959
46998
47082
47135
47145
47164
47178
47180
47275
47337
47342
47390
47420
47482
47490
47565
47638
47643
47671
47717
47778
47803
47830
47866
47925
47930
47957
48026
48086
48154
48243
48319
48388
48411
48495
48500
48529
48579
48625
48626
48685
48776
48818
48865
48930
48938
48977
49061
49095
49160
49172
49194
49255
49307
49349
49440
49478
49541
49573
49615
49619
49668
49737
