761
797
823
871
880
895
967
1021
1031
1074
1123
1177
1190
1265
1350
1416
1480
1498
1503
1527
1537
1600
1657
1742
1817
1913
2009
2062
2083
2090
2176
2187
2269
2296
2369
2431
2511
2568
2654
2679
2729
2776
2866
2955
3037
3111
3137
3181
3242
3284
3286
3315
3385
3475
3567
3568
3643
3659
3759
3810
3837
3916
3997
4059
4070
4138
4189
4264
4296
4328
4343
4380
4464
4470
4521
4524
4561
4635
4730
4770
4809
4813
4848
4938
4990
5051
5093
5173
5270
5296
5340
5421
5455
5532
5569
5666
5689
5777
5813
5819
5902
5923
5991
6022
6067
6129
6208
6300
6358
6418
6469
6520
6589
6684
6749
6826
6827
6914
6961
6993
7003
7046
7134
7150
7212
7278
7301
7364
7369
7425
7497
7508
7605
7663
7671
7733
7740
7809
7868
7963
7974
8068
8092
8146
8240
8298
8330
8336
8349
8356
8416
8443
8447
8468
8522
8590
8641
8681
8731
8795
8872
8970
9051
9079
9159
9204
9264
9292
9317
9378
9407
9434
9502
9539
9607
9698
9787
9880
9896
9946
10001
10023
10094
10114
10153
10243
10286
10318
10374
10472
10559
10595
10641
10678
10692
10773
10776
10811
10843
10852
10928
10933
11009
11036
11045
11132
11188
11208
11218
11234
11312
11328
11342
11397
11442
11491
11544
11618
11684
11713
11736
11751
11784
11796
11835
11839
11877
11950
11998
12033
12127
12220
12255
12264
12266
12338
12391
12399
12452
12472
12516
12608
12658
12683
12707
12750
12807
12864
12961
13034
13131
13170
13180
13264
13329
13378
13415
13417
13456
13489
13497
13585
13659
13688
13751
13792
13810
13847
13873
13945
13988
14076
14140
14238
14257
14294
14368
14410
14464
14472
14537
14603
14703
14795
14842
14847
14868
14881
14976
15027
15088
15093
15189
15236
15327
15329
15409
15507
15532
15539
15612
15691
15724
15762
15795
15842
15870
15908
15927
15978
16046
16127
16197
16273
16323
16352
16402
16409
16466
16515
16541
16617
16665
16688
16773
16848
16876
16893
16894
16960
17024
17025
17045
17122
17157
17239
17277
17374
17410
17468
17559
17617
17690
17733
17763
17861
17879
17927
18019
18078
18089
18179
18222
18257
18320
18377
18397
18465
18528
18623
18668
18756
18784
18787
18859
18863
18933
19024
19048
19148
19209
19297
19300
19340
19393
19443
19523
19573
19596
19615
19656
19685
19709
19737
19765
19771
19837
19878
19949
20018
20033
20084
20092
20094
20171
20234
20237
20323
20386
20451
20531
20579
20618
20660
20668
20704
20790
20831
20901
20993
21081
21101
21193
21285
21317
21378
21414
21426
21458
21480
21510
21583
21621
21675
21774
21841
21899
21994
22000
22044
22050
22106
22132
22141
22197
22210
22291
22337
22353
22355
22409
22504
22512
22513
22553
22634
22726
22801
22827
22829
22921
22935
22947
22962
22993
23013
23058
23091
23164
23207
23233
23304
23328
23421
23501
23584
23610
23658
23738
23803
23903
23942
23967
24031
24083
24089
24119
24196
24252
24342
24406
24452
24468
24512
24561
24636
24733
24763
24796
24853
24914
24996
25018
25022
25060
25066
25099
25133
25179
25218
25296
25345
25406
25457
25486
25532
25591
25663
25735
25829
25925
25979
26028
26122
26170
26266
26351
26361
26441
26449
26512
26600
26635
26732
26747
26800
26872
26912
26955
27036
27108
27132
27229
27241
27273
27364
27417
27445
27526
27535
27544
27632
27723
27726
27808
27899
27966
28002
28073
28126
28153
28176
28255
28267
28335
28408
28473
28512
28553
28571
28654
28685
28716
28747
28778
28789
28852
28904
28993
29029
29127
29206
29262
29317
29395
29408
29500
29527
29618
29653
29675
29698
29774
29836
29846
29907
29959
30032
30110
30196
30261
30281
30320
30353
30431
30510
30569
30627
30686
30717
30800
30828
30912
30933
30978
31059
31086
31122
31138
31176
31245
31336
31381
31393
31410
31505
31543
31631
31708
31728
31813
31830
31862
31936
31963
32028
32071
32154
32178
32264
32350
32419
32472
32544
32620
32630
32726
32752
32759
32762
32778
32830
32858
32912
33011
33051
33110
33205
33226
33318
33386
33428
33447
33518
33554
33580
33680
33758
33817
33908
33961
34032
34083
34169
34188
34210
34213
34311
34326
34358
34385
34429
34499
34594
34673
34681
34771
34807
34859
34952
35035
35076
35113
35116
35127
35221
35263
35305
35398
35491
35521
35565
35639
35641
35670
35737
35788
35818
35865
35901
35919
35994
36053
36097
36159
36195
36251
36310
36359
36422
36443
36446
36546
36596
36599
36665
36748
36817
36860
36912
36917
36990
37066
37094
37140
37193
37275
37356
37431
37476
37527
37533
37613
37683
37704
37737
37745
37791
37816
37914
37929
37990
38063
38073
38094
38108
38125
38131
38230
38311
38312
38399
38429
38437
38469
38502
38531
38602
38661
38666
38747
38802
38874
38930
38979
38997
39079
39114
39169
39200
39248
39252
39320
39367
39394
39397
39491
39562
39648
39709
39735
39750
39819
39852
39929
39997
40037
40064
40151
40175
40273
40368
40377
40460
40534
40595
40599
40634
40671
40708
40795
40841
40908
40922
40999
41082
41086
41139
41223
41275
41298
41328
41374
41388
41409
41504
41580
41621
41681
41747
41783
41796
41824
41869
41911
41938
41973
42002
42057
42147
42168
42260
42268
42332
42339
42372
42382
42399
42439
42444
42535
42570
42597
42674
42699
42773
42774
42796
42797
42886
42924
43010
43019
43100
43173
43199
43259
43320
43387
43389
43469
43556
43580
43651
43691
43697
43720
43724
43757
43851
43938
43949
43955
43957
43959
44059
44140
44177
44271
44341
44433
44467
44516
44562
44607
44698
44705
44757
44765
44835
44857
44920
44922
44989
45024
45058
45122
45160
45241
45267
45282
45307
45358
45435
45480
45563
45635
45704
45785
45853
45919
45945
45980
46025
46042
46070
46165
46169
46179
46258
46280
46355
46391
46435
46495
46590
46689
46716
46748
46844
46874
46968
46997
47017
47058
47114
47120
47179
47234
47250
47320
47397
47425
47470
47551
47559
47575
47606
47684
47685
47784
47863
47895
47987
48063
48131
48203
48244
48265
48337
48417
48492
48516
48554
48618
48633
48721
48773
48779
48781
48812
48832
48845
48887
48941
49008
49095
49153
49216
49314
49315
49348
49439
49449
49461
49484
49546
49599
49660
49731
49805
49888
49920
49938
49984
50049
50140
50176
50197
50250
