113
144
166
251
338
399
410
452
507
524
532
585
591
608
650
737
791
798
801
890
900
987
1024
1043
1069
1147
1233
1251
1347
1396
1461
1554
1558
1599
1688
1771
1871
1920
1962
2020
2103
2133
2204
2296
2347
2427
2467
2475
2512
2513
2559
2638
2712
2799
2883
2933
3032
3060
3085
3169
3258
3334
3364
3390
3455
3520
3585
3620
3660
3738
3760
3850
3889
3953
3967
4003
4082
4144
4228
4257
4319
4412
4476
4493
4569
4669
4768
4831
4863
4918
5010
5082
5144
5176
5264
5318
5397
5410
5451
5530
5568
5619
5709
5788
5801
5881
5932
5947
5960
5995
6040
6084
6156
6223
6272
6353
6425
6525
6556
6593
6683
6693
6788
6814
6840
6860
6944
7033
7110
7196
7210
7310
7329
7422
7442
7462
7476
7524
7594
7610
7689
7778
7845
7854
7907
7938
7964
8033
8055
8132
8184
8246
8297
8397
8428
8486
8521
8534
8572
8657
8727
8756
8848
8937
9001
9068
9120
9143
9164
9214
9247
9264
9284
9293
9317
9399
9452
9472
9504
9603
9619
9669
9697
9797
9825
9880
9908
10002
10023
10055
10109
10192
10222
10304
10329
10369
10446
10508
10543
10599
10680
10759
10827
10895
10989
11015
11059
11143
11157
11251
11311
11388
11414
11418
11481
11541
11547
11631
11699
11790
11799
11859
11886
11887
11958
12045
12095
12171
12266
12344
12415
12478
12487
12496
12559
12597
12647
12723
12803
12810
12827
12859
12875
12943
12974
13048
13121
13122
13146
13216
13221
13271
13332
13423
13520
13543
13627
13715
13759
13807
13896
13953
13970
13993
14055
14124
14155
14211
14233
14330
14358
14444
14462
14487
14569
14615
14645
14677
14745
14801
14897
14970
14980
15009
15079
15082
15107
15137
15197
15259
15337
15396
15468
15474
15547
15584
15622
15653
15725
15729
15785
15856
15925
15983
16073
16138
16192
16248
16258
16309
16393
16400
16446
16449
16469
16473
16562
16581
16663
16699
16709
16764
16767
16857
16870
16937
17022
17026
17070
17126
17164
17229
17233
17311
17330
17348
17397
17401
17404
17486
17518
17615
17701
17737
17796
17814
17855
17873
17921
17999
18028
18070
18136
18203
18212
18237
18238
18331
18416
18490
18510
18518
18538
18582
18673
18751
18793
18830
18889
18971
19065
19114
19143
19191
19220
19254
19264
19324
19335
19338
19407
19491
19565
19649
19683
19765
19856
19948
20010
20087
20096
20110
20144
20169
20235
20285
20333
20352
20356
20443
20512
20560
20577
20610
20704
20790
20846
20905
20918
20952
21013
21089
21181
21243
21311
21397
21480
21506
21570
21633
21651
21697
21746
21831
21872
21962
21968
22012
22062
22079
22133
22180
22194
22215
22281
22301
22333
22359
22403
22497
22581
22610
22651
22740
22744
22765
22838
22841
22941
22948
23030
23096
23175
23268
23343
23373
23462
23477
23537
23603
23628
23687
23731
23812
23827
23857
23915
24007
24035
24036
24104
24137
24215
24271
24335
24417
24477
24508
24526
24614
24643
24708
24758
24805
24839
24897
24928
24952
24971
24997
25095
25136
25148
25243
25274
25293
25308
25397
25399
25465
25528
25578
25583
25621
25629
25678
25732
25818
25906
25928
26019
26102
26152
26174
26198
26259
26302
26364
26435
26503
26523
26542
26624
26701
26794
26838
26884
26948
27038
27129
27139
27205
27239
27263
27279
27349
27391
27447
27513
27601
27625
27710
27742
27771
27858
27933
27940
28031
28130
28183
28203
28216
28309
28400
28481
28571
28601
28689
28710
28763
28856
28907
28992
29012
29080
29109
29144
29150
29225
29309
29409
29431
29461
29504
29543
29576
29590
29654
29662
29724
29768
29851
29866
29895
29944
30042
30057
30145
30193
30260
30326
30330
30386
30461
30533
30624
30644
30695
30733
30801
30807
30808
30900
30927
30984
31041
31091
31172
31228
31247
31308
31390
31423
31501
31550
31641
31702
31747
31823
31831
31887
31958
31960
31990
32021
32066
32166
32264
32323
32345
32396
32413
32505
32546
32639
32721
32818
32864
32919
32995
33079
33149
33245
33335
33435
33532
33630
33673
33726
33732
33751
33832
33877
33878
33939
33998
34085
34133
34202
34221
34289
34373
34463
34547
34644
34662
34674
34762
34848
34947
34988
35052
35091
35099
35162
35241
35335
35372
35436
35452
35474
35475
35544
35574
35613
35700
35771
35805
35892
35923
35986
36036
36084
36146
36189
36239
36328
36336
36344
36416
36490
36570
36606
36612
36620
36672
36769
36805
36895
36896
36901
36917
36984
37002
37019
37034
37035
37060
37130
37220
37291
37322
37347
37421
37461
37488
37541
37563
37572
37584
37672
37704
37776
37850
37895
37896
37955
37963
38053
38066
38165
38175
38253
38269
38328
38390
38474
38483
38495
38527
38533
38606
38693
38730
38765
38840
38916
39015
39106
39174
39257
39287
39336
39352
39451
39464
39517
39531
39547
39595
39675
39765
39776
39809
39879
39944
39962
40061
40067
40075
40084
40179
40205
40237
40277
40333
40335
40431
40434
40529
40584
40604
40661
40744
40776
40796
40886
40964
40981
41067
41141
41221
41273
41291
41366
41448
41521
41593
41660
41709
41715
41789
41888
41960
41984
42046
42081
42157
42223
42267
42308
42324
42414
42455
42513
42525
42529
42547
42551
42631
42661
42683
42753
42813
42890
42945
42977
42995
43084
43114
43204
43268
43281
43360
43424
43471
43551
43570
43581
43640
43725
43774
43822
43919
43920
43956
43999
44094
44173
44231
44292
44326
44386
44410
44480
44566
44593
44663
44746
44815
44862
44925
44936
44992
45059
45141
45200
45225
45266
45291
45306
45316
45326
45351
45375
45390
45439
45536
45547
45610
45624
45669
45682
45760
45803
45861
45872
45920
45964
46057
46157
46204
46215
46292
46368
46395
46472
46507
46576
46636
46662
46731
46761
46766
46859
46953
47010
47017
47082
47110
47158
47206
47228
47296
47351
47431
47449
47498
47548
47600
47601
47689
47740
47766
47866
47922
47979
48017
48018
48049
48106
48175
48265
48273
48315
48356
48394
48455
48479
48531
48550
48609
48631
48641
48680
48775
48823
48849
48855
48894
48950
48987
49084
49100
49171
49212
49306
49326
49423
49459
49488
49502
49594
49694
49751
49778
49845
49859
49862
49888
49945
50040
50093
50115
50208
50305
50346
50349
50409
50500
50571
50648
50655
50692
50761
50826
50880
50964
51034
51036
