515
586
619
698
746
816
832
906
937
1022
1063
1082
1167
1254
1306
1311
1338
1418
1500
1541
1545
1562
1659
1707
1799
1811
1860
1958
2012
2042
2054
2117
2136
2179
2266
2325
2355
2372
2403
2414
2434
2456
2540
2551
2587
2661
2760
2789
2790
2867
2871
2882
2949
3027
3046
3129
3206
3224
3317
3368
3408
3497
3592
3631
3632
3707
3756
3801
3838
3902
3947
3960
4040
4095
4114
4158
4237
4294
4343
4432
4448
4484
4580
4653
4735
4830
4893
4979
5066
5152
5167
5199
5299
5386
5423
5451
5515
5517
5545
5604
5650
5733
5757
5768
5810
5906
5957
5982
6005
6010
6059
6085
6156
6175
6198
6230
6247
6294
6346
6354
6359
6367
6446
6491
6542
6607
6614
6694
6704
6758
6783
6818
6879
6959
7010
7061
7076
7116
7209
7211
7225
7287
7356
7357
7363
7452
7501
7587
7609
7698
7728
7791
7851
7920
8002
8100
8130
8209
8272
8309
8318
8410
8508
8515
8576
8599
8618
8692
8737
8780
8828
8914
8928
8970
8988
9028
9070
9092
9144
9179
9198
9204
9228
9244
9341
9356
9365
9375
9450
9518
9556
9652
9738
9754
9771
9853
9920
10000
10091
10169
10247
10339
10345
10430
10476
10535
10585
10600
10676
10702
10735
10775
10799
10897
10933
11001
11071
11160
11177
11264
11358
11435
11439
11478
11496
11587
11613
11639
11695
11768
11849
11903
11952
12033
12067
12128
12210
12308
12326
12374
12430
12503
12522
12587
12670
12689
12721
12778
12799
12858
12928
12993
13083
13093
13123
13211
13234
13250
13334
13427
13432
13486
13576
13652
13735
13766
13859
13946
14042
14077
14101
14183
14254
14271
14273
14372
14401
14417
14433
14435
14474
14494
14581
14633
14643
14707
14805
14868
14918
14986
15012
15093
15150
15164
15237
15312
15406
15446
15448
15456
15497
15573
15654
15682
15765
15785
15859
15882
15920
15933
15961
16037
16050
16072
16154
16190
16249
16262
16292
16295
16392
16455
16459
16464
16476
16504
16580
16668
16674
16685
16752
16824
16914
16931
16942
17006
17044
17073
17096
17154
17235
17291
17372
17407
17445
17515
17593
17598
17662
17762
17834
17876
17970
17975
18028
18037
18052
18145
18225
18239
18285
18318
18406
18458
18492
18574
18663
18703
18781
18831
18881
18960
19041
19048
19116
19130
19200
19223
19284
19356
19411
19456
19472
19559
19590
19630
19686
19785
19790
19890
19930
19979
20004
20043
20075
20170
20197
20268
20274
20341
20345
20422
20433
20497
20556
20571
20657
20661
20669
20750
20775
20778
20845
20847
20858
20869
20920
20931
21031
21074
21142
21169
21174
21221
21230
21265
21292
21297
21367
21449
21515
21519
21571
21614
21691
21762
21844
21941
21986
22006
22016
22089
22143
22156
22180
22274
22348
22391
22426
22450
22482
22506
22575
22636
22720
22806
22859
22906
22997
23059
23096
23136
23194
23281
23371
23457
23509
23526
23578
23641
23649
23729
23747
23799
23806
23839
23851
23899
23908
23961
24008
24016
24108
24150
24241
24320
24394
24424
24491
24539
24542
24601
24626
24648
24696
24745
24808
24904
24920
24953
24960
25056
25091
25162
25220
25225
25264
25280
25307
25366
25376
25448
25519
25540
25603
25683
25712
25755
25851
25938
25985
26017
26094
26194
26257
26294
26315
26368
26466
26493
26516
26563
26579
26620
26645
26743
26806
26904
26971
27061
27063
27122
27151
27208
27298
27324
27418
27429
27447
27482
27550
27561
27638
27680
27723
27736
27783
27789
27889
27964
28009
28075
28121
28169
28185
28240
28249
28321
28326
28354
28451
28516
28560
28577
28636
28688
28727
28761
28805
28881
28935
28992
29016
29062
29162
29201
29226
29266
29335
29433
29478
29519
29529
29556
29629
29647
29714
29717
29814
29887
29956
30009
30044
30080
30117
30127
30203
30213
30224
30227
30279
30281
30351
30392
30476
30559
30588
30676
30705
30713
30721
30820
30836
30839
30915
30966
31028
31070
31166
31220
31231
31294
31326
31338
31374
31436
31444
31458
31520
31578
31625
31660
31731
31774
31874
31925
31938
31994
32051
32107
32118
32172
32256
32304
32328
32343
32392
32400
32491
32512
32581
32665
32682
32740
32800
32817
32841
32881
32956
33040
33059
33067
33158
33170
33256
33318
33376
33419
33492
33518
33551
33625
33637
33684
33784
33795
33801
33858
33863
33958
33989
34000
34003
34068
34073
34138
34140
34176
34248
34261
34263
34320
34353
34354
34406
34501
34528
34538
34634
34670
34700
34778
34791
34840
34928
34990
34999
35063
35155
35241
35312
35411
35428
35486
35519
35561
35660
35753
35810
35886
35909
36000
36037
36115
36139
36232
36288
36319
36330
36406
36454
36534
36579
36649
36691
36742
36830
36878
36920
36945
36982
37050
37109
37126
37202
37235
37292
37332
37347
37392
37480
37545
37553
37635
37662
37736
37770
37811
37908
37979
38078
38096
38124
38134
38221
38265
38281
38336
38399
38415
38461
38561
38576
38621
38710
38794
38863
38864
38963
39017
39027
39068
39157
39214
39282
39372
39466
39529
39615
39672
39758
39845
39898
39919
39937
40034
40121
40169
40240
40293
40387
40421
40422
40466
40551
40593
40637
40658
40743
40759
40858
40954
40994
41063
41092
41165
41186
41197
41274
41325
41372
41394
41453
41479
41572
41657
41687
41705
41710
41801
41881
41917
41949
42009
42073
42109
42123
42160
42179
42195
42234
42308
42341
42421
42479
42504
42592
42608
42631
42676
42763
42859
42860
42909
43007
43069
43093
43158
43213
43309
43401
43424
43498
43515
43537
43578
43647
43718
43719
43809
43880
43915
43937
43984
44059
44070
44116
44183
44268
44341
44435
44505
44551
44596
44682
44774
44812
44872
44897
44973
45068
45117
45124
45181
45205
45283
45325
45370
45415
45445
45542
45613
45652
45738
45751
45786
45799
45888
45958
46020
46117
46142
46157
46231
46271
46329
46366
46458
46555
46558
46648
46719
46727
46805
46852
46925
46943
46955
47053
47093
47140
47153
47208
47279
47313
47368
47419
47449
47458
47468
47565
47581
47606
47681
47729
47784
47807
47870
47877
47907
47950
47971
48063
48155
48254
48280
48364
48370
48417
48470
48560
48602
48657
48717
48718
48814
48826
48905
48958
49022
49120
49163
49200
49258
49277
49294
49296
49362
49402
49443
49477
49546
49577
49669
49717
49815
49827
49831
49922
49938
