572
666
699
739
753
835
907
972
995
1046
1128
1151
1161
1211
1256
1267
1364
1407
1412
1449
1539
1560
1653
1728
1784
1846
1946
2022
2038
2102
2152
2185
2204
2268
2312
2330
2399
2461
2549
2581
2582
2670
2753
2779
2827
2897
2997
3072
3164
3205
3263
3363
3393
3412
3451
3525
3532
3598
3606
3662
3678
3753
3797
3854
3937
4035
4070
4124
4166
4211
4261
4291
4302
4347
4418
4427
4509
4595
4625
4652
4729
4772
4831
4841
4895
4937
4992
5016
5086
5107
5192
5236
5314
5315
5350
5379
5464
5490
5491
5512
5522
5564
5659
5741
5757
5851
5916
6014
6018
6027
6076
6151
6251
6311
6377
6441
6462
6495
6507
6591
6650
6741
6802
6837
6850
6926
7008
7105
7161
7189
7240
7283
7301
7370
7442
7489
7531
7578
7656
7736
7763
7785
7847
7939
8006
8076
8105
8188
8256
8328
8363
8381
8408
8478
8545
8586
8658
8690
8703
8705
8718
8807
8878
8909
8957
9047
9137
9231
9322
9403
9434
9517
9594
9615
9689
9780
9835
9905
9971
10009
10071
10142
10144
10163
10182
10237
10262
10359
10378
10474
10518
10586
10590
10606
10678
10685
10694
10724
10746
10786
10842
10907
10922
10992
11053
11092
11146
11183
11251
11270
11350
11450
11467
11480
11503
11555
11596
11603
11625
11693
11742
11746
11763
11764
11822
11839
11935
11944
11984
11993
11999
12062
12072
12162
12177
12225
12281
12356
12421
12425
12432
12449
12450
12477
12504
12581
12624
12717
12816
12897
12976
13002
13067
13084
13102
13122
13198
13273
13282
13342
13382
13448
13451
13458
13513
13595
13614
13626
13701
13743
13755
13814
13858
13878
13963
14031
14095
14126
14166
14256
14295
14376
14394
14423
14433
14468
14490
14577
14671
14700
14763
14853
14908
14937
15035
15080
15139
15166
15190
15191
15256
15295
15342
15384
15440
15531
15581
15670
15738
15771
15793
15858
15859
15894
15973
15978
15984
15987
16080
16087
16092
16133
16180
16264
16329
16399
16468
16533
16631
16637
16714
16721
16771
16849
16928
17019
17072
17144
17202
17212
17275
17372
17391
17403
17438
17463
17560
17594
17627
17719
17731
17747
17827
17841
17859
17870
17891
17984
18044
18141
18147
18212
18279
18343
18428
18463
18535
18583
18669
18680
18689
18775
18863
18895
18927
18980
18993
19069
19125
19162
19180
19207
19228
19245
19345
19365
19453
19480
19556
19645
19734
19798
19823
19897
19923
19957
19960
20025
20047
20079
20133
20216
20261
20322
20412
20414
20425
20454
20536
20568
20607
20685
20729
20756
20810
20826
20875
20972
21016
21063
21079
21134
21209
21252
21333
21390
21414
21512
21609
21612
21664
21742
21784
21823
21875
21952
21996
22060
22086
22113
22178
22223
22300
22346
22371
22393
22407
22480
22518
22541
22558
22656
22738
22749
22779
22839
22841
22938
23017
23088
23098
23192
23252
23261
23347
23348
23428
23480
23490
23508
23513
23570
23600
23639
23653
23701
23795
23823
23873
23967
24030
24055
24061
24123
24194
24230
24314
24402
24424
24508
24565
24651
24692
24790
24824
24888
24895
24917
24923
24963
25046
25099
25109
25115
25146
25223
25313
25365
25382
25463
25550
25611
25695
25783
25805
25861
25955
26042
26119
26185
26228
26309
26396
26417
26466
26531
26619
26624
26694
26712
26788
26855
26878
26881
26943
27025
27118
27197
27249
27309
27318
27339
27355
27360
27407
27462
27493
27590
27634
27693
27729
27800
27860
27875
27877
27918
27936
28018
28054
28111
28184
28222
28241
28330
28423
28499
28525
28618
28630
28711
28800
28885
28910
28951
29036
29130
29189
29194
29268
29290
29308
29313
29387
29451
29469
29494
29499
29562
29619
29643
29696
29787
29876
29914
29939
29966
29995
30087
30089
30171
30180
30233
30303
30345
30349
30390
30434
30484
30512
30564
30641
30659
30703
30785
30852
30944
30999
31016
31085
31121
31188
31286
31353
31431
31522
31606
31635
31662
31691
31700
31728
31814
31882
31912
31979
32055
32081
32097
32196
32254
32264
32311
32328
32345
32391
32410
32451
32547
32580
32594
32629
32697
32756
32790
32796
32817
32851
32894
32916
32990
33045
33111
33150
33170
33190
33193
33196
33218
33270
33347
33436
33496
33567
33577
33677
33750
33794
33865
33951
33988
34028
34074
34153
34177
34189
34194
34274
34352
34385
34392
34445
34516
34572
34646
34683
34745
34777
34786
34872
34884
34903
34989
35070
35081
35128
35203
35303
35338
35393
35441
35524
35562
35617
35677
35711
35786
35854
35915
35992
36071
36125
36182
36258
36345
36405
36488
36563
36568
36644
36651
36688
36742
36777
36781
36843
36889
36896
36967
37014
37066
37088
37101
37139
37195
37274
37289
37304
37333
37408
37497
37508
37581
37584
37630
37666
37733
37817
37915
37926
37930
37938
37948
37959
38029
38055
38084
38184
38265
38275
38300
38316
38409
38419
38481
38536
38634
38685
38745
38789
38865
38940
39007
39102
39164
39256
39285
39295
39359
39387
39455
39533
39569
39574
39587
39604
39605
39679
39749
39762
39806
39839
39911
39977
40071
40079
40115
40186
40266
40287
40316
40398
40401
40478
40501
40512
40518
40576
40588
40641
40654
40682
40687
40695
40775
40838
40884
40981
40996
41031
41110
41141
41223
41295
41376
41476
41477
41562
41588
41589
41664
41736
41804
41824
41900
41918
41960
41975
42061
42124
42144
42239
42259
42339
42374
42407
42458
42551
42608
42624
42627
42692
42739
42785
42872
42894
42967
42979
43071
43147
43160
43206
43243
43292
43331
43387
43470
43517
43566
43640
43665
43730
43824
43825
43873
43968
43991
44085
44109
44134
44164
44240
44315
44352
44394
44424
44456
44540
44635
44656
44693
44717
44768
44859
44908
44998
45044
45082
45162
45258
45353
45379
45473
45524
45558
45631
45648
45682
45777
45817
45848
45855
45890
45893
45966
46048
46105
46193
46278
46350
46446
46468
46510
46593
46636
46721
46800
46858
46893
46987
47012
47075
47135
47151
47207
47241
47243
47264
47278
47348
47435
47483
47501
47564
47574
47623
47655
47678
47732
47767
47856
47943
47964
47972
48003
48016
48032
48050
48074
48104
48164
48176
48189
48215
48281
48313
48392
48413
48493
48506
48524
48535
48601
48640
48651
48742
48774
48863
48962
49007
49085
49147
49152
49194
49229
49309
49345
49376
49458
49540
49628
