410
502
540
606
609
651
660
691
758
811
848
942
1033
1056
1114
1156
1188
1211
1273
1313
1404
1436
1497
1525
1618
1663
1733
1804
1837
1917
1995
2065
2070
2162
2184
2258
2318
2340
2424
2433
2450
2483
2582
2641
2669
2763
2784
2883
2904
2933
3014
3077
3084
3183
3203
3249
3271
3279
3295
3357
3391
3466
3511
3591
3649
3712
3766
3839
3846
3855
3883
3919
3943
3971
4055
4077
4105
4204
4287
4378
4434
4516
4535
4621
4632
4637
4700
4763
4803
4809
4829
4848
4927
5016
5059
5133
5163
5216
5220
5248
5249
5304
5391
5468
5479
5567
5623
5632
5691
5697
5725
5763
5802
5852
5909
5923
5994
6022
6037
6062
6139
6167
6169
6192
6214
6296
6305
6368
6406
6443
6460
6556
6642
6662
6696
6785
6792
6827
6913
7012
7035
7094
7174
7181
7182
7282
7353
7354
7404
7474
7525
7527
7590
7592
7629
7705
7777
7793
7877
7907
7981
8059
8156
8230
8287
8342
8433
8523
8539
8551
8598
8685
8729
8786
8831
8928
8976
9007
9013
9112
9179
9273
9328
9354
9418
9471
9497
9564
9635
9638
9732
9781
9825
9854
9933
10019
10102
10111
10125
10215
10252
10338
10393
10465
10512
10600
10628
10722
10779
10877
10908
11004
11075
11138
11194
11294
11320
11346
11349
11395
11427
11491
11535
11624
11710
11808
11867
11877
11879
11977
11999
12046
12064
12074
12125
12199
12207
12301
12355
12378
12413
12461
12463
12560
12573
12586
12648
12668
12749
12802
12846
12900
12922
13007
13031
13054
13119
13168
13220
13259
13267
13323
13392
13437
13443
13493
13593
13690
13739
13796
13808
13839
13871
13953
13986
14082
14084
14142
14242
14335
14338
14374
14438
14446
14524
14575
14607
14674
14758
14806
14876
14940
14962
14996
15024
15088
15158
15232
15267
15303
15337
15391
15481
15580
15608
15687
15721
15746
15846
15847
15862
15944
15956
15977
16048
16082
16121
16132
16170
16217
16262
16273
16337
16428
16492
16546
16597
16600
16679
16728
16802
16806
16871
16906
16999
17059
17120
17181
17225
17270
17303
17336
17345
17442
17450
17461
17494
17569
17589
17612
17613
17633
17654
17715
17737
17778
17807
17850
17911
18011
18013
18063
18087
18141
18217
18242
18250
18323
18383
18442
18499
18559
18627
18726
18745
18793
18838
18910
18994
19075
19157
19175
19267
19268
19349
19395
19425
19472
19537
19621
19631
19664
19723
19777
19812
19833
19894
19946
19973
20053
20143
20147
20225
20311
20380
20467
20539
20588
20638
20689
20701
20752
20808
20850
20935
21029
21064
21135
21210
21292
21348
21395
21402
21410
21496
21506
21565
21581
21671
21678
21726
21766
21811
21823
21883
21925
21945
22021
22103
22178
22193
22290
22356
22382
22479
22520
22607
22630
22654
22700
22773
22873
22937
23029
23069
23105
23110
23129
23180
23209
23283
23301
23386
23478
23547
23575
23620
23638
23640
23724
23732
23744
23836
23914
23966
24050
24065
24161
24259
24312
24411
24431
24464
24563
24622
24695
24737
24768
24809
24885
24908
24923
24953
25048
25102
25162
25183
25275
25315
25360
25430
25488
25523
25604
25663
25747
25772
25829
25831
25909
25996
26038
26126
26210
26256
26304
26324
26397
26470
26504
26517
26525
26549
26603
26686
26732
26773
26873
26949
26989
27049
27102
27160
27204
27254
27319
27406
27413
27495
27573
27669
27684
27745
27759
27834
27865
27931
27961
27999
28083
28150
28163
28172
28178
28182
28264
28315
28376
28450
28476
28534
28595
28617
28704
28722
28795
28866
28912
28994
29018
29097
29194
29228
29258
29353
29354
29359
29417
29435
29521
29557
29586
29683
29710
29799
29833
29846
29929
30009
30066
30144
30229
30241
30254
30348
30375
30444
30451
30461
30471
30489
30530
30560
30634
30689
30722
30752
30838
30908
30991
31005
31024
31046
31133
31227
31292
31363
31408
31410
31446
31495
31563
31588
31651
31719
31735
31792
31812
31879
31921
32006
32095
32105
32141
32143
32217
32264
32357
32374
32447
32528
32627
32703
32711
32801
32872
32889
32909
32951
33051
33084
33172
33244
33253
33269
33326
33373
33432
33440
33446
33534
33539
33570
33586
33636
33720
33751
33758
33821
33858
33864
33900
33919
34014
34031
34115
34186
34206
34248
34301
34346
34349
34416
34507
34536
34588
34647
34721
34744
34764
34840
34874
34932
34964
34967
34998
35052
35068
35083
35136
35180
35237
35303
35326
35339
35347
35376
35448
35547
35562
35563
35617
35694
35758
35772
35862
35870
35911
35933
35979
36079
36165
36245
36262
36339
36348
36444
36485
36530
36601
36636
36732
36819
36852
36898
36920
36981
36989
37026
37097
37119
37165
37258
37292
37293
37366
37409
37444
37473
37534
37546
37640
37735
37801
37883
37897
37943
37964
37980
38012
38086
38184
38284
38350
38398
38427
38488
38571
38575
38589
38684
38716
38736
38765
38851
38939
39026
39048
39073
39101
39180
39203
39254
39261
39350
39388
39477
39526
39539
39541
39582
39644
39733
39771
39841
39914
39973
39991
40086
40167
40220
40251
40321
40421
40454
40514
40561
40580
40621
40693
40788
40832
40912
40943
40981
41016
41066
41087
41110
41206
41286
41365
41448
41465
41478
41537
41627
41639
41707
41715
41731
41822
41837
41859
41955
41993
42066
42083
42142
42207
42235
42306
42395
42461
42480
42525
42545
42553
42640
42683
42706
42744
42838
42902
42943
43028
43062
43135
43218
43228
43289
43340
43397
43420
43497
43509
43609
43619
43680
43708
43807
43823
43923
43985
44066
44096
44179
44180
44247
44302
44367
44411
44463
44541
44552
44603
44643
44732
44748
44769
44820
44919
44926
44965
45049
45092
45119
45177
45207
45221
45288
45364
45433
45521
45603
45694
45764
45828
45897
45949
45961
46018
46046
46097
46165
46207
46254
46347
46435
46498
46580
46660
46678
46691
46784
46816
46890
46964
47053
47056
47123
47214
47273
47342
47418
47426
47510
47554
47565
47573
47610
47681
47753
47841
47875
47944
47968
48018
48115
48192
48265
48362
48399
48431
48486
48529
48624
48628
48691
48712
48794
48829
48854
48948
49007
49094
49139
49149
49153
49183
49189
49261
49279
49368
49411
49452
49474
49485
49541
49632
49677
49678
49724
49778
49851
49924
49936
49949
50047
50072
50099
50156
50184
50214
50231
50307
50381
50408
50479
50564
