749
795
819
865
870
897
901
955
1051
1115
1149
1159
1165
1187
1244
1324
1341
1359
1409
1456
1478
1539
1570
1625
1694
1794
1797
1842
1933
1975
2041
2119
2126
2146
2198
2261
2359
2440
2464
2503
2556
2582
2638
2725
2736
2801
2881
2918
2940
2992
3009
3071
3106
3179
3262
3282
3350
3416
3475
3496
3533
3565
3645
3651
3692
3756
3817
3910
3938
4031
4125
4185
4271
4306
4386
4414
4466
4483
4508
4575
4609
4689
4701
4789
4865
4935
5014
5069
5113
5194
5270
5283
5290
5376
5420
5467
5483
5556
5654
5731
5748
5752
5778
5792
5883
5979
6009
6030
6106
6110
6135
6235
6331
6427
6446
6495
6574
6641
6739
6796
6895
6970
7018
7095
7106
7123
7187
7211
7284
7353
7398
7431
7491
7569
7635
7699
7769
7865
7939
7971
8010
8080
8111
8206
8245
8345
8403
8455
8548
8571
8634
8716
8772
8780
8870
8948
9026
9062
9147
9170
9264
9362
9374
9395
9423
9457
9539
9620
9714
9802
9878
9904
9949
9983
9992
10040
10067
10158
10160
10209
10276
10302
10328
10387
10480
10489
10577
10659
10697
10735
10823
10847
10892
10949
11028
11067
11116
11146
11214
11241
11318
11379
11384
11405
11480
11569
11586
11678
11720
11733
11756
11824
11836
11921
11925
12004
12032
12034
12094
12176
12185
12218
12258
12313
12342
12382
12448
12515
12532
12562
12609
12695
12780
12813
12887
12978
12983
13083
13125
13147
13212
13223
13297
13381
13474
13543
13621
13651
13683
13712
13763
13847
13852
13866
13943
13994
14039
14086
14106
14139
14202
14272
14280
14307
14319
14407
14482
14536
14557
14598
14635
14695
14735
14737
14794
14815
14852
14951
14987
15076
15091
15134
15189
15223
15228
15244
15300
15348
15423
15517
15579
15594
15606
15615
15651
15676
15751
15840
15895
15946
15999
16020
16039
16105
16130
16166
16200
16296
16380
16415
16436
16441
16469
16498
16522
16531
16593
16672
16756
16812
16836
16837
16887
16903
16987
16999
17087
17137
17175
17196
17267
17345
17400
17416
17508
17520
17536
17560
17611
17681
17778
17834
17873
17898
17957
17989
18062
18070
18077
18124
18157
18225
18265
18304
18321
18399
18489
18555
18593
18667
18677
18701
18709
18786
18792
18846
18922
18932
18974
19070
19135
19148
19201
19226
19251
19324
19355
19381
19472
19497
19510
19573
19593
19597
19628
19696
19789
19849
19851
19887
19933
19938
20032
20112
20156
20226
20261
20309
20333
20433
20439
20491
20573
20585
20591
20656
20714
20745
20783
20839
20924
20999
21007
21068
21153
21242
21255
21285
21329
21428
21481
21555
21592
21643
21742
21802
21853
21942
21993
22080
22151
22191
22267
22312
22372
22387
22419
22502
22520
22532
22569
22604
22629
22701
22713
22730
22801
22864
22938
23007
23100
23155
23199
23200
23229
23300
23320
23404
23440
23517
23539
23602
23646
23726
23792
23817
23894
23977
24011
24064
24151
24159
24185
24285
24317
24369
24434
24478
24523
24536
24609
24660
24722
24735
24791
24806
24867
24906
24946
24958
24972
24981
24983
25037
25066
25070
25118
25132
25165
25201
25241
25281
25357
25442
25541
25617
25701
25742
25768
25858
25874
25922
25951
26000
26061
26083
26118
26195
26232
26287
26373
26409
26480
26536
26561
26568
26654
26706
26794
26866
26953
27010
27104
27136
27137
27186
27247
27304
27309
27405
27456
27501
27518
27543
27607
27657
27685
27767
27857
27944
28006
28023
28074
28098
28183
28225
28321
28409
28467
28473
28542
28588
28608
28615
28642
28644
28743
28812
28861
28864
28897
28919
28948
29014
29087
29179
29187
29215
29274
29321
29379
29428
29520
29570
29637
29674
29741
29837
29848
29884
29945
29963
30002
30035
30123
30197
30270
30317
30365
30465
30488
30546
30577
30624
30691
30704
30753
30766
30842
30860
30913
30992
31086
31110
31138
31201
31237
31285
31312
31371
31391
31471
31489
31509
31579
31600
31687
31746
31843
31889
31896
31989
32016
32062
32098
32184
32199
32236
32278
32285
32364
32424
32448
32511
32548
32641
32660
32717
32799
32865
32918
32921
32981
32991
33078
33096
33153
33214
33272
33341
33419
33445
33470
33480
33571
33605
33625
33695
33789
33876
33915
34012
34078
34112
34183
34240
34325
34338
34403
34450
34506
34541
34580
34605
34695
34778
34815
34865
34947
34955
35028
35112
35123
35216
35298
35381
35420
35434
35464
35522
35567
35640
35699
35703
35718
35723
35817
35891
35989
36074
36138
36231
36233
36331
36422
36461
36539
36569
36641
36697
36773
36845
36908
37001
37020
37073
37075
37142
37200
37212
37290
37339
37353
37447
37487
37573
37662
37665
37719
37740
37828
37868
37942
38022
38091
38114
38134
38168
38213
38237
38251
38280
38328
38365
38380
38420
38424
38459
38484
38547
38583
38602
38653
38712
38763
38779
38848
38852
38942
38997
39056
39079
39126
39209
39259
39341
39420
39445
39486
39576
39652
39671
39682
39706
39722
39806
39827
39882
39909
39989
40066
40108
40160
40193
40255
40330
40401
40420
40476
40546
40634
40661
40664
40679
40708
40724
40758
40778
40840
40841
40925
40937
41006
41034
41069
41080
41084
41099
41192
41259
41298
41369
41430
41470
41504
41565
41569
41602
41658
41738
41832
41841
41883
41940
42013
42077
42123
42219
42281
42289
42343
42363
42444
42468
42492
42528
42594
42664
42704
42716
42812
42825
42855
42894
42940
42961
42990
43079
43171
43205
43258
43270
43346
43381
43450
43550
43559
43593
43643
43721
43738
43782
43799
43825
43908
43998
44001
44062
44079
44159
44198
44296
44339
44392
44457
44484
44565
44608
44628
44642
44666
44714
44750
44778
44871
44886
44915
44952
44967
45050
45145
45187
45205
45212
45221
45294
45365
45408
45423
45502
45598
45694
45773
45812
45894
45959
45999
46052
46068
46119
46124
46171
46181
46217
46309
46391
46468
46552
46582
46622
46661
46698
46766
46829
46855
46954
46975
47046
47090
47122
47192
47198
47224
47258
47309
47389
47429
47485
47530
47599
47652
47656
47712
47723
47762
47851
47866
47948
48005
48024
48067
48124
48144
48201
48284
48296
48370
48390
48424
48436
48504
48589
48626
48696
48739
48826
48872
48939
49013
49090
49104
49139
49223
49315
49384
49404
49490
49565
49608
49621
49636
49734
49767
49837
49878
49903
49933
49959
50054
50118
