110
192
211
249
282
297
350
351
384
392
433
451
464
537
596
669
677
719
800
859
901
917
923
969
1053
1103
1130
1148
1201
1294
1324
1369
1424
1427
1474
1533
1618
1690
1762
1821
1899
1990
2044
2126
2190
2199
2220
2297
2394
2457
2480
2561
2629
2632
2673
2761
2835
2900
2983
3034
3115
3152
3175
3224
3271
3351
3377
3403
3496
3585
3657
3735
3822
3865
3894
3930
3958
4029
4069
4144
4217
4278
4331
4370
4396
4488
4512
4514
4536
4543
4584
4662
4732
4771
4812
4860
4890
4908
4937
4983
5057
5097
5124
5147
5183
5219
5291
5355
5453
5509
5539
5635
5712
5794
5854
5942
6016
6026
6040
6078
6129
6216
6219
6221
6244
6319
6410
6416
6421
6510
6527
6621
6672
6760
6841
6908
6949
6967
6985
7029
7049
7075
7117
7171
7269
7368
7446
7501
7581
7668
7708
7734
7753
7757
7786
7798
7819
7901
7991
7993
8023
8096
8159
8202
8234
8274
8303
8388
8438
8485
8556
8645
8658
8707
8782
8792
8854
8908
9003
9020
9066
9113
9169
9237
9267
9362
9423
9436
9438
9499
9598
9662
9693
9702
9768
9786
9802
9846
9880
9977
9986
10042
10057
10067
10101
10164
10205
10218
10262
10350
10414
10482
10526
10533
10606
10630
10670
10706
10739
10827
10861
10901
10989
10993
11032
11105
11127
11173
11240
11319
11326
11334
11336
11433
11483
11488
11489
11516
11517
11523
11540
11573
11629
11694
11714
11718
11723
11773
11838
11915
11985
11993
12006
12023
12041
12056
12156
12190
12206
12258
12302
12392
12484
12546
12568
12618
12657
12673
12763
12859
12954
13023
13119
13212
13277
13279
13287
13386
13438
13441
13449
13545
13636
13651
13668
13756
13843
13943
14014
14037
14099
14126
14164
14236
14315
14402
14427
14484
14501
14539
14632
14650
14744
14798
14822
14837
14851
14877
14958
14983
15007
15021
15097
15148
15214
15280
15290
15390
15443
15452
15465
15479
15553
15569
15646
15652
15724
15726
15812
15839
15890
15942
15965
15978
16062
16112
16177
16196
16234
16290
16292
16296
16333
16432
16505
16509
16582
16644
16653
16726
16778
16853
16887
16955
17007
17032
17099
17115
17212
17269
17342
17349
17426
17441
17538
17541
17542
17545
17612
17617
17687
17718
17778
17847
17882
17967
17999
18066
18084
18169
18207
18268
18349
18385
18409
18424
18517
18526
18554
18640
18717
18747
18826
18842
18849
18929
18949
18986
19049
19101
19192
19202
19279
19318
19380
19442
19469
19563
19602
19641
19682
19760
19788
19879
19931
20019
20044
20098
20183
20259
20328
20370
20442
20461
20462
20556
20568
20571
20662
20684
20767
20828
20861
20921
21005
21025
21114
21168
21226
21257
21290
21370
21437
21476
21522
21602
21702
21754
21777
21851
21871
21894
21958
22008
22019
22060
22068
22155
22174
22202
22242
22272
22362
22383
22459
22507
22547
22556
22590
22677
22754
22818
22870
22946
23042
23092
23145
23239
23247
23334
23420
23452
23461
23496
23536
23587
23612
23695
23751
23830
23889
23928
24002
24056
24075
24160
24164
24241
24326
24373
24417
24451
24510
24534
24541
24603
24669
24698
24733
24815
24865
24949
25040
25070
25144
25192
25220
25308
25322
25361
25429
25461
25528
25615
25622
25673
25733
25787
25823
25893
25897
25973
25993
26062
26115
26194
26222
26318
26391
26433
26495
26524
26597
26601
26655
26707
26798
26814
26833
26907
27003
27089
27139
27163
27174
27255
27311
27391
27399
27440
27496
27593
27602
27655
27672
27680
27705
27793
27843
27929
28019
28081
28163
28171
28182
28201
28274
28341
28406
28420
28503
28505
28557
28566
28578
28593
28685
28747
28840
28891
28937
28955
29045
29091
29171
29220
29264
29357
29376
29475
29502
29509
29546
29588
29680
29740
29796
29893
29894
29905
29922
29982
30076
30176
30223
30323
30419
30491
30512
30577
30657
30705
30795
30855
30942
31014
31034
31121
31184
31257
31265
31311
31408
31441
31532
31595
31631
31677
31776
31846
31874
31946
32006
32062
32114
32162
32254
32273
32293
32349
32441
32477
32505
32535
32635
32664
32724
32809
32829
32907
32909
32991
33029
33113
33156
33226
33305
33326
33344
33411
33446
33539
33630
33659
33701
33735
33771
33833
33845
33907
33999
34042
34116
34147
34221
34243
34293
34392
34480
34563
34599
34630
34639
34673
34689
34709
34785
34835
34900
34969
34986
34998
35023
35045
35122
35220
35277
35341
35352
35357
35395
35488
35535
35611
35646
35718
35816
35845
35901
35990
36030
36105
36134
36185
36246
36260
36281
36358
36360
36365
36382
36472
36491
36569
36657
36726
36759
36833
36865
36883
36914
36961
37050
37083
37175
37222
37225
37304
37325
37326
37363
37395
37404
37429
37436
37522
37586
37639
37694
37782
37808
37825
37885
37932
37937
37939
37978
38037
38089
38121
38184
38280
38335
38349
38419
38510
38603
38660
38681
38684
38724
38750
38838
38909
38935
38939
38944
39015
39069
39157
39238
39309
39318
39377
39411
39412
39428
39433
39473
39499
39564
39609
39644
39721
39805
39859
39957
40038
40061
40080
40110
40179
40199
40225
40293
40303
40389
40451
40467
40531
40584
40645
40701
40760
40833
40905
40942
40981
41064
41142
41167
41267
41301
41365
41401
41419
41507
41564
41627
41684
41767
41782
41828
41910
41951
42019
42061
42079
42091
42166
42228
42278
42343
42407
42461
42548
42552
42573
42610
42677
42687
42730
42803
42881
42970
43018
43095
43138
43146
43221
43321
43415
43433
43505
43545
43588
43658
43702
43785
43829
43877
43940
44034
44109
44135
44209
44238
44251
44286
44348
44404
44427
44472
44482
44503
44565
44616
44655
44703
44787
44841
44847
44870
44889
44909
44984
45059
45075
45086
45136
45178
45209
45217
45267
45295
45352
45400
45453
45538
45550
45605
45661
45708
45730
45827
45924
46020
46068
46090
46144
46198
46250
46293
46334
46365
46383
46452
46502
46600
46649
46665
46675
46763
46862
46884
46890
46980
46994
47080
47101
47123
47218
47221
47274
47359
47378
47473
47492
47584
47595
47630
47632
47674
47770
47860
47868
47945
47989
48012
48112
48163
48207
48265
48272
48335
48417
48475
48544
48579
48584
48591
48659
48739
48818
48827
48897
48971
49055
49124
49145
49230
49264
49297
49299
49319
49363
49438
49481
49482
49522
