17
36
51
123
155
230
278
283
347
395
431
438
511
590
687
708
787
875
922
975
1001
1053
1149
1248
1335
1369
1414
1491
1502
1596
1655
1658
1681
1707
1739
1767
1842
1941
2012
2069
2079
2090
2186
2198
2289
2295
2354
2364
2458
2511
2590
2680
2702
2714
2718
2741
2779
2807
2880
2911
2945
3008
3104
3106
3153
3158
3186
3236
3260
3342
3364
3453
3481
3531
3554
3571
3662
3701
3727
3736
3755
3775
3808
3845
3944
3953
3965
4035
4111
4115
4176
4227
4308
4347
4422
4513
4578
4676
4708
4772
4817
4839
4870
4877
4964
4976
5016
5081
5100
5149
5184
5228
5310
5349
5426
5466
5481
5484
5560
5622
5681
5698
5756
5854
5860
5930
6020
6066
6143
6162
6228
6243
6296
6339
6408
6489
6586
6666
6745
6844
6930
6957
6994
7017
7070
7098
7121
7141
7157
7190
7278
7289
7292
7383
7467
7496
7526
7599
7663
7677
7754
7832
7866
7938
7965
7990
8028
8055
8102
8114
8180
8197
8291
8358
8379
8442
8505
8513
8551
8586
8658
8736
8742
8805
8846
8927
8971
8994
9051
9076
9167
9183
9189
9275
9276
9310
9363
9392
9418
9457
9517
9561
9588
9673
9725
9740
9747
9773
9845
9878
9896
9925
9962
10013
10083
10088
10101
10184
10227
10242
10264
10364
10379
10438
10485
10535
10600
10632
10715
10743
10750
10754
10810
10864
10945
10985
11012
11065
11144
11229
11235
11306
11393
11411
11451
11503
11584
11679
11749
11827
11833
11894
11937
12028
12125
12145
12146
12173
12187
12223
12246
12250
12264
12272
12330
12397
12479
12563
12617
12706
12773
12851
12905
12998
13050
13105
13185
13188
13238
13272
13291
13365
13427
13438
13510
13534
13569
13590
13637
13702
13714
13788
13841
13893
13953
14041
14060
14139
14238
14244
14326
14348
14356
14404
14466
14486
14497
14520
14574
14589
14626
14721
14780
14799
14825
14906
14923
15005
15102
15163
15233
15261
15311
15339
15374
15437
15521
15605
15624
15668
15689
15727
15787
15856
15863
15898
15905
15997
16066
16162
16187
16272
16287
16345
16426
16445
16472
16480
16525
16625
16686
16753
16770
16782
16802
16894
16954
16985
17029
17089
17144
17162
17173
17185
17262
17280
17317
17344
17370
17452
17521
17594
17602
17605
17678
17681
17765
17854
17908
17936
17971
18015
18095
18127
18224
18237
18326
18335
18416
18446
18464
18480
18505
18578
18596
18672
18689
18751
18806
18880
18908
19001
19024
19094
19154
19241
19314
19357
19443
19490
19577
19618
19693
19771
19854
19856
19900
19967
20054
20103
20189
20221
20266
20358
20370
20382
20458
20465
20522
20563
20649
20728
20825
20847
20900
20978
21006
21084
21178
21255
21330
21410
21453
21469
21525
21547
21583
21673
21722
21784
21835
21867
21923
21931
21998
22085
22092
22113
22205
22258
22268
22274
22292
22371
22468
22484
22500
22555
22562
22621
22671
22676
22775
22795
22796
22811
22875
22887
22955
22977
23036
23124
23221
23262
23357
23424
23483
23491
23575
23584
23668
23755
23812
23813
23846
23909
23927
23982
24011
24100
24131
24158
24241
24246
24335
24385
24454
24484
24554
24561
24584
24594
24654
24668
24719
24763
24807
24837
24855
24883
24919
24959
25000
25071
25120
25166
25239
25270
25352
25429
25528
25609
25644
25728
25766
25858
25909
25917
25945
26045
26091
26116
26174
26227
26303
26345
26387
26472
26552
26630
26672
26771
26866
26964
27062
27149
27233
27291
27391
27406
27502
27519
27594
27638
27667
27717
27791
27887
27981
28020
28062
28086
28095
28159
28203
28301
28349
28352
28392
28397
28423
28511
28571
28634
28710
28729
28778
28861
28916
28932
28976
28991
28999
29066
29143
29171
29177
29238
29327
29334
29433
29525
29588
29602
29668
29696
29738
29745
29777
29803
29832
29881
29970
30061
30067
30146
30162
30177
30211
30218
30227
30289
30293
30363
30459
30534
30568
30629
30675
30750
30801
30882
30949
31023
31065
31075
31142
31220
31289
31373
31383
31431
31493
31562
31610
31611
31615
31706
31744
31808
31876
31960
32048
32083
32093
32157
32231
32234
32298
32361
32416
32500
32545
32619
32655
32665
32667
32686
32727
32815
32817
32913
32946
32998
33074
33090
33144
33146
33221
33239
33298
33320
33338
33354
33360
33363
33436
33448
33527
33589
33657
33662
33676
33691
33716
33814
33858
33888
33978
34063
34068
34115
34141
34201
34226
34309
34377
34398
34403
34469
34491
34524
34596
34688
34741
34798
34850
34940
34960
35007
35035
35037
35101
35110
35198
35222
35239
35300
35385
35439
35477
35557
35612
35644
35724
35804
35878
35901
35999
36021
36051
36091
36123
36162
36165
36247
36338
36361
36449
36546
36582
36619
36705
36775
36814
36861
36924
37004
37056
37117
37170
37171
37183
37239
37331
37413
37504
37586
37647
37686
37756
37798
37799
37883
37951
37974
38052
38131
38195
38246
38301
38393
38424
38493
38574
38614
38663
38710
38767
38785
38796
38866
38919
38978
39062
39151
39250
39294
39354
39439
39443
39518
39575
39622
39676
39745
39756
39855
39913
39952
40031
40043
40135
40170
40255
40297
40327
40346
40355
40390
40446
40544
40569
40585
40644
40720
40814
40882
40887
40971
41024
41120
41212
41239
41281
41310
41364
41427
41519
41543
41629
41702
41796
41880
41912
41958
41962
41991
42060
42094
42194
42208
42225
42240
42309
42343
42374
42474
42574
42613
42685
42744
42819
42897
42925
42967
43011
43036
43093
43160
43179
43190
43271
43309
43398
43456
43468
43544
43636
43680
43769
43818
43870
43912
43959
44043
44092
44175
44204
44283
44369
44460
44559
44583
44617
44637
44668
44750
44774
44815
44820
44874
44958
45047
45138
45200
45225
45313
45373
45450
45539
45545
45600
45638
45657
45688
45773
45782
45797
45875
45969
46067
46082
46085
46174
46239
46305
46350
46442
46510
46549
46551
46609
46702
46727
46740
46762
46838
46917
46936
46969
47028
47067
47167
47197
47234
47334
47362
47421
47431
47483
47521
47603
47666
47709
47799
47814
47842
47913
47950
47957
48057
48107
48108
48136
48177
48237
48316
48410
48432
48493
48538
48555
48599
48644
48685
48705
48713
48716
48720
48807
48851
48878
48944
49036
49106
49108
49142
49148
49203
49255
49336
49414
49466
49528
49584
49684
49735
49820
49915
