695
743
750
755
775
788
871
909
977
1028
1035
1094
1101
1184
1243
1327
1402
1440
1457
1511
1595
1649
1696
1724
1739
1807
1845
1939
2016
2026
2119
2157
2172
2238
2315
2372
2454
2523
2525
2601
2693
2697
2791
2882
2887
2912
2951
3039
3073
3162
3215
3297
3327
3341
3415
3437
3511
3515
3557
3655
3704
3727
3761
3857
3903
3932
4012
4059
4079
4117
4148
4171
4176
4272
4296
4364
4401
4422
4430
4434
4453
4509
4541
4575
4576
4604
4612
4649
4715
4789
4811
4901
4955
5004
5055
5093
5101
5170
5185
5254
5309
5355
5417
5487
5513
5537
5632
5695
5792
5868
5893
5966
6044
6059
6140
6160
6223
6304
6401
6486
6526
6601
6658
6663
6763
6773
6867
6878
6935
6996
7029
7071
7104
7149
7204
7291
7319
7334
7370
7385
7439
7463
7487
7563
7662
7729
7767
7785
7838
7863
7912
7917
7934
8016
8022
8100
8102
8172
8204
8301
8351
8429
8487
8566
8633
8707
8788
8822
8847
8874
8896
8989
9027
9102
9112
9144
9191
9210
9277
9311
9342
9350
9412
9445
9458
9551
9630
9705
9732
9793
9873
9902
9985
9997
10084
10131
10222
10226
10273
10327
10343
10361
10364
10428
10489
10588
10673
10723
10803
10808
10872
10916
11007
11099
11120
11127
11159
11237
11273
11371
11392
11449
11452
11482
11506
11519
11600
11700
11707
11727
11799
11881
11973
11994
12040
12109
12153
12201
12256
12309
12380
12383
12396
12419
12448
12539
12573
12628
12661
12702
12763
12823
12903
12918
12958
13023
13056
13101
13135
13181
13195
13269
13323
13332
13415
13478
13577
13615
13697
13759
13815
13839
13924
13984
14071
14086
14097
14171
14254
14351
14446
14473
14477
14522
14530
14573
14609
14700
14741
14758
14761
14810
14839
14863
14875
14914
14942
14994
15067
15125
15146
15180
15190
15197
15247
15254
15320
15401
15495
15544
15641
15657
15728
15732
15738
15761
15799
15886
15981
16048
16124
16155
16219
16273
16309
16328
16373
16397
16436
16446
16449
16462
16507
16572
16638
16733
16772
16845
16857
16858
16877
16882
16946
17036
17091
17104
17202
17204
17251
17343
17374
17444
17539
17556
17582
17603
17690
17775
17821
17879
17910
17984
17992
18027
18059
18148
18158
18243
18322
18388
18484
18487
18518
18589
18650
18703
18747
18815
18905
18964
19041
19077
19135
19232
19244
19334
19335
19367
19399
19411
19465
19506
19592
19646
19702
19754
19838
19856
19873
19931
19947
19987
20001
20047
20085
20086
20115
20132
20167
20212
20222
20321
20391
20465
20482
20520
20535
20553
20601
20698
20792
20839
20891
20908
20991
21077
21161
21223
21269
21277
21312
21381
21471
21554
21627
21707
21710
21785
21854
21896
21907
21990
22072
22149
22188
22279
22287
22312
22322
22369
22439
22502
22574
22595
22692
22778
22816
22904
22994
23032
23044
23061
23136
23220
23231
23250
23306
23311
23329
23393
23421
23441
23501
23577
23607
23613
23711
23725
23810
23824
23836
23860
23948
23970
24042
24131
24208
24246
24326
24414
24431
24479
24480
24490
24541
24580
24603
24615
24619
24683
24690
24739
24806
24852
24932
24970
25051
25070
25134
25139
25152
25173
25208
25287
25331
25358
25412
25482
25513
25598
25670
25686
25691
25718
25793
25842
25859
25910
25947
26000
26068
26103
26105
26139
26149
26173
26213
26217
26236
26255
26354
26410
26428
26486
26533
26536
26623
26645
26706
26742
26824
26852
26861
26943
27035
27092
27099
27172
27240
27298
27378
27442
27499
27559
27632
27699
27754
27822
27908
27943
28010
28095
28151
28177
28205
28289
28326
28400
28470
28530
28580
28592
28646
28664
28695
28773
28800
28807
28904
28913
28926
28968
28973
29025
29121
29142
29213
29236
29253
29279
29377
29439
29532
29576
29629
29645
29669
29754
29771
29847
29907
29976
29978
30053
30151
30195
30224
30237
30283
30355
30358
30385
30421
30445
30488
30542
30583
30665
30718
30737
30782
30861
30883
30906
30921
31003
31084
31142
31159
31202
31292
31344
31411
31447
31530
31579
31597
31612
31678
31686
31746
31784
31855
31866
31945
32030
32113
32204
32267
32275
32281
32381
32389
32414
32459
32504
32545
32606
32701
32795
32802
32871
32946
33017
33052
33055
33116
33132
33178
33248
33260
33289
33310
33326
33400
33499
33566
33656
33668
33690
33734
33779
33782
33800
33872
33969
33998
34009
34044
34128
34150
34201
34223
34310
34372
34385
34420
34484
34569
34628
34720
34743
34836
34866
34894
34978
35018
35025
35078
35128
35136
35206
35298
35350
35389
35475
35476
35530
35535
35552
35587
35647
35740
35828
35885
35985
35988
36026
36032
36089
36181
36277
36349
36423
36442
36510
36607
36696
36772
36796
36863
36921
36979
36995
37078
37133
37181
37260
37319
37334
37341
37349
37410
37447
37460
37525
37577
37606
37704
37728
37799
37883
37889
37939
37991
38050
38085
38123
38182
38220
38247
38260
38301
38308
38333
38429
38522
38528
38566
38614
38640
38732
38818
38855
38865
38932
38959
39027
39109
39136
39224
39302
39327
39348
39350
39352
39430
39472
39522
39544
39607
39692
39779
39784
39869
39885
39934
40010
40038
40088
40089
40099
40161
40254
40280
40377
40407
40433
40496
40504
40524
40610
40646
40661
40740
40811
40870
40913
40928
40938
41025
41046
41071
41074
41096
41153
41156
41177
41220
41305
41401
41463
41545
41622
41717
41770
41837
41875
41911
42009
42012
42066
42161
42212
42258
42350
42427
42491
42560
42636
42724
42801
42883
42969
43033
43042
43065
43159
43199
43286
43366
43429
43467
43483
43497
43536
43548
43629
43642
43712
43779
43808
43825
43896
43968
44044
44104
44127
44156
44237
44258
44329
44377
44436
44505
44524
44582
44588
44652
44657
44674
44695
44752
44771
44863
44932
44982
44995
45041
45101
45155
45209
45245
45249
45342
45414
45415
45449
45501
45521
45570
45637
45717
45737
45822
45916
46008
46086
46097
46194
46274
46353
46412
46427
46441
46446
46509
46586
46591
46618
46691
46715
46751
46836
46894
46905
46998
47097
47109
47115
47154
47171
47185
47232
47284
47330
47336
47406
47433
47529
47620
47638
47677
47687
47696
47697
47714
47728
47768
47789
47808
47811
47852
47901
47951
48036
48074
48161
48189
48269
48330
48375
48420
48469
48517
48572
48617
48621
48674
48682
