104
194
201
224
278
321
381
472
562
590
666
742
812
863
917
947
1007
1034
1037
1080
1104
1192
1285
1362
1405
1434
1519
1528
1569
1643
1659
1730
1784
1789
1843
1937
1992
2030
2050
2113
2173
2257
2331
2371
2410
2476
2550
2577
2676
2706
2717
2720
2765
2822
2889
2981
3001
3054
3055
3056
3108
3174
3195
3243
3309
3330
3355
3356
3456
3498
3561
3641
3657
3697
3749
3848
3898
3995
4086
4140
4196
4253
4319
4396
4410
4469
4518
4562
4605
4619
4665
4669
4685
4756
4760
4831
4869
4967
4985
5078
5081
5098
5188
5270
5325
5361
5369
5382
5437
5529
5610
5660
5739
5766
5835
5905
5925
6009
6061
6115
6199
6222
6233
6298
6379
6430
6485
6503
6559
6568
6660
6718
6741
6760
6764
6834
6893
6948
7032
7035
7057
7091
7093
7144
7180
7202
7296
7354
7406
7411
7502
7532
7579
7601
7685
7768
7799
7844
7930
8024
8102
8187
8202
8217
8295
8329
8357
8376
8424
8519
8560
8570
8593
8672
8684
8776
8859
8948
8990
9015
9039
9057
9138
9224
9262
9321
9376
9421
9521
9536
9578
9607
9697
9755
9835
9915
9998
10071
10087
10103
10132
10140
10204
10222
10304
10311
10342
10419
10423
10505
10603
10662
10735
10821
10827
10924
10993
11059
11127
11191
11198
11208
11282
11287
11330
11384
11468
11516
11594
11595
11607
11644
11715
11776
11839
11923
11932
12015
12063
12139
12219
12240
12335
12434
12505
12536
12636
12668
12736
12785
12864
12906
12976
13031
13047
13145
13164
13208
13253
13351
13415
13504
13564
13589
13670
13768
13782
13819
13876
13897
13907
13973
14072
14152
14188
14198
14246
14331
14418
14497
14506
14563
14584
14673
14747
14766
14841
14922
14990
15067
15104
15172
15184
15232
15279
15373
15451
15452
15481
15573
15660
15662
15752
15816
15909
15996
16070
16145
16243
16339
16413
16475
16552
16630
16657
16749
16765
16863
16909
16971
16987
17057
17103
17164
17184
17261
17277
17321
17344
17437
17529
17605
17609
17678
17728
17755
17840
17903
17979
18037
18069
18125
18126
18140
18159
18207
18268
18331
18420
18424
18457
18512
18531
18542
18594
18604
18691
18697
18720
18738
18802
18827
18890
18936
18979
19016
19097
19158
19248
19257
19283
19365
19438
19493
19533
19624
19642
19695
19713
19806
19866
19964
19990
20056
20069
20161
20175
20200
20274
20340
20439
20478
20571
20575
20674
20751
20826
20862
20881
20953
20974
21074
21118
21194
21212
21274
21373
21404
21492
21565
21575
21611
21647
21743
21785
21825
21898
21964
21971
22061
22065
22074
22083
22130
22217
22244
22344
22413
22435
22488
22553
22609
22612
22704
22718
22765
22781
22845
22854
22887
22889
22963
23031
23041
23124
23136
23150
23155
23165
23234
23316
23372
23390
23457
23470
23523
23562
23598
23637
23679
23736
23808
23870
23967
24000
24073
24126
24129
24168
24237
24298
24341
24388
24428
24479
24483
24566
24647
24719
24807
24811
24908
24962
25025
25040
25089
25186
25240
25257
25282
25351
25412
25420
25425
25433
25456
25533
25552
25631
25635
25716
25734
25750
25751
25771
25776
25830
25874
25957
26009
26022
26032
26070
26111
26118
26162
26187
26212
26277
26365
26374
26424
26502
26534
26615
26686
26777
26844
26904
26968
27067
27112
27162
27245
27340
27435
27516
27577
27645
27683
27739
27836
27865
27897
27976
28051
28061
28135
28146
28183
28260
28288
28354
28415
28515
28595
28645
28654
28698
28766
28801
28839
28848
28888
28941
28953
29012
29053
29057
29152
29240
29267
29346
29382
29417
29488
29557
29597
29622
29679
29748
29813
29861
29928
30022
30120
30202
30230
30322
30337
30420
30476
30494
30553
30568
30657
30672
30761
30859
30861
30908
31002
31091
31098
31158
31228
31264
31341
31354
31432
31510
31515
31578
31595
31675
31677
31727
31796
31805
31884
31969
32005
32067
32100
32176
32201
32278
32366
32433
32438
32443
32527
32605
32618
32676
32695
32754
32813
32848
32880
32977
33006
33070
33137
33152
33177
33220
33236
33289
33378
33408
33469
33497
33565
33664
33688
33770
33838
33873
33887
33913
33970
33984
34017
34100
34121
34171
34225
34284
34372
34453
34528
34587
34624
34637
34655
34736
34787
34795
34887
34966
34969
34995
35072
35130
35226
35231
35268
35344
35401
35434
35522
35592
35649
35668
35706
35725
35729
35784
35858
35956
35990
36012
36109
36209
36287
36303
36334
36389
36437
36533
36535
36595
36680
36684
36757
36796
36860
36938
37027
37061
37100
37188
37253
37292
37315
37348
37394
37458
37522
37611
37636
37721
37762
37781
37861
37874
37884
37913
37934
37958
38001
38051
38103
38148
38227
38304
38313
38381
38444
38540
38595
38625
38679
38760
38776
38828
38878
38920
38945
38987
39009
39075
39096
39146
39193
39231
39251
39269
39318
39395
39469
39497
39572
39631
39691
39733
39734
39741
39807
39809
39849
39930
40030
40048
40131
40204
40218
40232
40239
40299
40395
40493
40527
40566
40655
40740
40801
40899
40946
41036
41047
41106
41110
41129
41201
41253
41284
41366
41422
41430
41496
41578
41635
41732
41821
41869
41953
41970
42048
42132
42136
42228
42314
42358
42359
42402
42475
42498
42556
42560
42578
42605
42659
42752
42814
42874
42933
43016
43116
43192
43213
43283
43328
43418
43431
43444
43498
43571
43655
43726
43744
43830
43909
43919
44007
44084
44153
44163
44239
44326
44358
44404
44502
44523
44619
44672
44682
44757
44761
44781
44873
44937
45028
45039
45115
45199
45286
45386
45400
45413
45426
45524
45549
45610
45624
45709
45783
45844
45878
45895
45992
46026
46122
46167
46264
46313
46328
46357
46372
46459
46530
46555
46582
46666
46720
46796
46866
46945
47026
47041
47085
47107
47201
47270
47301
47369
47406
47496
47559
47622
47683
47760
47808
47879
47895
47898
47998
48049
48112
48182
48232
48286
48321
48359
48371
48451
48465
48468
48483
48485
48533
48607
48642
48705
48754
48780
48851
48906
48961
49034
49043
49107
49171
49192
49210
49307
49398
49406
49485
49549
49644
49661
49688
49749
49847
49938
50025
50119
50145
50154
50159
50228
50264
50344
50434
50488
50585
50664
50687
50738
50795
50876
50963
51007
51041
51140
51204
51286
51385
51433
51473
51545
51607
51697
51722
51779
51834
51903
51936
