258
278
367
447
501
538
612
711
804
883
893
903
916
977
1034
1118
1119
1211
1304
1312
1347
1423
1513
1552
1652
1722
1812
1893
1990
2053
2101
2127
2134
2148
2156
2176
2199
2230
2273
2294
2339
2417
2476
2535
2540
2591
2637
2660
2687
2697
2715
2796
2876
2939
3018
3029
3129
3131
3227
3314
3374
3382
3413
3500
3599
3605
3613
3704
3773
3810
3845
3887
3892
3949
4019
4072
4089
4186
4267
4286
4351
4394
4422
4427
4459
4469
4474
4514
4603
4635
4692
4733
4740
4816
4821
4863
4885
4899
4992
5055
5077
5083
5174
5270
5362
5375
5402
5465
5497
5516
5579
5590
5656
5661
5706
5714
5728
5738
5742
5841
5895
5950
5961
6011
6017
6104
6114
6152
6185
6277
6312
6327
6390
6401
6495
6500
6503
6540
6608
6683
6750
6800
6836
6849
6940
6985
7035
7085
7185
7191
7286
7302
7325
7330
7332
7381
7440
7534
7567
7631
7657
7735
7763
7766
7798
7834
7850
7894
7971
8016
8054
8121
8194
8202
8211
8228
8243
8323
8370
8376
8386
8459
8558
8601
8696
8730
8731
8803
8848
8933
8946
8979
9033
9057
9073
9121
9192
9273
9291
9358
9407
9448
9500
9508
9592
9644
9651
9664
9713
9780
9859
9940
9988
10009
10069
10149
10185
10231
10331
10338
10353
10376
10405
10496
10572
10657
10755
10792
10869
10902
10976
10978
11034
11123
11166
11263
11354
11394
11400
11491
11533
11581
11598
11619
11679
11765
11839
11905
11932
11999
12056
12136
12216
12230
12246
12327
12347
12368
12414
12475
12570
12581
12603
12625
12715
12771
12847
12947
12998
13051
13058
13092
13095
13111
13188
13223
13261
13290
13381
13458
13469
13475
13537
13607
13697
13792
13886
13948
13974
13982
14022
14068
14093
14141
14190
14249
14256
14349
14440
14481
14575
14655
14691
14721
14766
14773
14813
14838
14870
14958
14971
14995
15074
15160
15170
15239
15334
15383
15454
15523
15588
15624
15636
15735
15778
15793
15888
15966
16008
16016
16078
16164
16250
16294
16369
16464
16562
16569
16623
16624
16683
16740
16825
16899
16918
16977
17032
17092
17141
17214
17314
17344
17411
17493
17593
17597
17665
17666
17735
17800
17888
17923
17964
17987
18015
18040
18071
18163
18195
18251
18345
18443
18521
18599
18635
18699
18756
18814
18869
18968
19000
19058
19080
19164
19237
19292
19293
19341
19366
19431
19509
19578
19615
19658
19676
19758
19828
19861
19891
19927
19952
19997
20002
20051
20053
20119
20139
20163
20193
20214
20217
20277
20340
20428
20493
20525
20596
20672
20735
20745
20760
20804
20836
20908
20940
21003
21015
21085
21118
21199
21271
21355
21373
21378
21453
21490
21550
21595
21629
21646
21661
21692
21781
21845
21860
21895
21942
22027
22096
22109
22113
22210
22305
22328
22356
22451
22461
22462
22526
22556
22613
22623
22686
22701
22732
22798
22858
22947
23046
23054
23083
23159
23219
23265
23342
23441
23516
23525
23582
23647
23673
23706
23716
23761
23806
23862
23904
23922
24002
24005
24066
24159
24178
24260
24350
24432
24496
24556
24639
24645
24733
24773
24850
24865
24879
24917
24968
24995
25033
25126
25225
25319
25360
25444
25445
25447
25529
25552
25581
25603
25635
25691
25725
25743
25815
25910
25930
26019
26038
26130
26193
26283
26360
26375
26421
26466
26469
26544
26630
26719
26751
26811
26879
26961
26995
27095
27185
27263
27290
27295
27316
27362
27448
27528
27597
27679
27687
27743
27843
27862
27879
27945
27961
27977
28057
28139
28203
28238
28317
28408
28439
28526
28617
28693
28697
28767
28846
28916
28967
29011
29053
29062
29097
29142
29234
29267
29366
29436
29514
29574
29646
29687
29743
29796
29835
29859
29913
29993
30044
30105
30172
30238
30311
30375
30457
30524
30534
30603
30685
30757
30780
30812
30866
30924
30957
30977
30987
31028
31117
31187
31287
31325
31405
31473
31528
31554
31601
31624
31633
31713
31726
31805
31855
31857
31872
31969
32031
32054
32098
32181
32210
32295
32389
32471
32536
32593
32602
32671
32740
32778
32815
32894
32945
32957
33039
33111
33127
33227
33296
33321
33357
33389
33462
33500
33584
33594
33607
33656
33658
33704
33711
33763
33782
33849
33910
33982
34040
34126
34139
34216
34227
34278
34294
34353
34428
34525
34529
34570
34574
34600
34683
34765
34818
34893
34930
34976
35031
35055
35120
35215
35221
35228
35268
35336
35366
35380
35382
35409
35489
35549
35611
35706
35788
35790
35839
35876
35895
35952
36037
36061
36142
36191
36202
36215
36276
36343
36368
36388
36393
36473
36487
36551
36645
36733
36805
36831
36895
36902
36903
37000
37015
37051
37065
37134
37186
37240
37281
37302
37376
37385
37431
37457
37518
37548
37573
37610
37611
37647
37737
37749
37776
37846
37898
37922
37977
38047
38103
38155
38225
38254
38262
38339
38355
38399
38489
38517
38557
38570
38660
38715
38783
38840
38888
38923
38950
39016
39045
39078
39112
39134
39156
39239
39312
39317
39334
39342
39433
39517
39595
39684
39715
39737
39750
39812
39901
39911
39979
40054
40057
40151
40157
40211
40307
40329
40346
40407
40489
40527
40571
40637
40701
40766
40853
40920
41019
41044
41059
41065
41087
41145
41183
41191
41195
41274
41352
41371
41417
41437
41459
41549
41570
41601
41660
41714
41724
41819
41881
41921
42010
42085
42170
42204
42291
42360
42378
42478
42532
42613
42651
42656
42674
42689
42757
42763
42840
42872
42891
42975
43035
43045
43059
43061
43097
43184
43223
43267
43282
43287
43337
43392
43433
43462
43533
43581
43653
43706
43720
43759
43760
43792
43880
43945
44015
44067
44095
44096
44144
44232
44247
44339
44340
44395
44463
44558
44611
44618
44644
44703
44718
44765
44818
44916
44973
44983
45056
45102
45165
45199
45242
45275
45355
45385
45455
45502
45512
45559
45586
45605
45637
45736
45801
45826
45880
45934
46018
46066
46095
46194
46207
46228
46308
46383
46426
46451
46493
46532
46559
46592
46653
46751
46763
46851
46906
47002
47056
47067
47080
47110
47113
47154
47247
47308
47387
47460
47476
47530
47610
47675
47734
47791
47849
47859
47887
47914
47952
47954
48034
48072
48160
48257
48345
48382
48455
48508
48596
48657
48725
48746
48845
48886
48948
49002
49050
49056
49089
49184
49216
49267
49355
49360
