286
330
336
355
391
487
497
537
557
640
660
709
747
805
809
816
837
840
898
940
1020
1084
1146
1231
1245
1247
1267
1277
1324
1329
1381
1385
1474
1511
1608
1652
1653
1730
1826
1873
1966
2022
2048
2063
2100
2176
2267
2349
2411
2435
2458
2531
2545
2595
2688
2776
2807
2812
2839
2865
2874
2934
3002
3067
3104
3197
3223
3235
3269
3315
3367
3393
3473
3532
3598
3665
3710
3807
3875
3893
3992
4020
4053
4138
4173
4178
4267
4338
4358
4407
4438
4499
4529
4543
4557
4567
4621
4689
4783
4849
4899
4937
4981
5004
5102
5173
5185
5241
5244
5256
5294
5311
5337
5427
5513
5592
5629
5713
5728
5813
5828
5842
5845
5917
5967
6050
6095
6179
6181
6249
6326
6425
6492
6575
6599
6681
6698
6729
6825
6874
6969
7065
7135
7144
7201
7244
7267
7354
7440
7488
7497
7525
7558
7587
7669
7688
7757
7813
7818
7895
7922
7990
8048
8139
8216
8301
8309
8396
8435
8454
8525
8587
8599
8646
8709
8743
8781
8827
8894
8927
8959
8992
8994
9077
9165
9214
9241
9253
9318
9369
9466
9529
9541
9633
9727
9784
9829
9884
9893
9922
9994
10045
10057
10145
10170
10250
10324
10390
10413
10414
10500
10570
10592
10616
10666
10707
10724
10780
10831
10918
10939
10963
10973
11035
11128
11173
11175
11266
11335
11363
11412
11437
11448
11543
11628
11682
11702
11765
11772
11835
11873
11914
11978
12042
12088
12186
12228
12229
12248
12332
12333
12390
12429
12465
12496
12593
12665
12688
12711
12746
12820
12853
12881
12904
12978
13047
13079
13136
13170
13270
13287
13314
13364
13463
13483
13534
13611
13635
13645
13662
13732
13788
13844
13882
13965
14042
14133
14204
14254
14336
14433
14509
14556
14575
14657
14738
14786
14790
14813
14891
14930
15029
15071
15131
15223
15323
15364
15378
15437
15527
15555
15626
15696
15788
15807
15814
15887
15944
15975
16034
16064
16083
16124
16141
16238
16280
16308
16349
16428
16473
16521
16598
16680
16717
16789
16817
16863
16959
17048
17140
17155
17178
17226
17295
17322
17346
17370
17469
17553
17571
17663
17755
17766
17812
17813
17881
17956
17979
18032
18130
18198
18251
18334
18399
18438
18463
18555
18653
18673
18710
18777
18817
18892
18940
19002
19031
19078
19155
19176
19228
19288
19361
19434
19465
19540
19585
19637
19660
19668
19763
19772
19778
19808
19851
19858
19909
19950
20017
20018
20041
20108
20124
20126
20139
20201
20214
20230
20329
20376
20455
20536
20612
20653
20655
20696
20792
20888
20911
20992
21015
21021
21094
21116
21172
21224
21254
21287
21385
21447
21483
21524
21591
21635
21648
21700
21768
21788
21854
21889
21960
21992
22011
22020
22035
22055
22071
22130
22228
22237
22276
22285
22379
22476
22576
22672
22745
22817
22876
22948
22963
22992
23065
23117
23180
23195
23267
23336
23423
23492
23524
23547
23629
23689
23729
23782
23813
23855
23882
23893
23971
24068
24146
24209
24230
24278
24322
24421
24452
24533
24566
24568
24594
24667
24737
24816
24846
24917
24972
25017
25092
25132
25210
25303
25383
25458
25523
25584
25649
25723
25751
25797
25842
25880
25958
25997
26052
26148
26194
26290
26318
26392
26487
26558
26657
26699
26778
26809
26815
26844
26926
26963
27015
27026
27056
27121
27150
27164
27205
27237
27259
27314
27371
27419
27498
27588
27599
27670
27769
27815
27903
27930
27945
27972
27998
28004
28050
28115
28198
28274
28352
28406
28431
28506
28587
28640
28732
28741
28820
28914
28945
28973
29003
29053
29057
29145
29146
29194
29216
29280
29287
29375
29412
29432
29442
29504
29581
29614
29646
29691
29773
29795
29835
29930
29948
29970
30048
30113
30140
30144
30169
30243
30339
30360
30364
30378
30391
30415
30501
30523
30559
30606
30634
30654
30714
30723
30729
30769
30777
30813
30821
30908
30970
31051
31065
31156
31164
31203
31302
31363
31407
31436
31489
31519
31570
31649
31744
31822
31905
31988
32058
32080
32153
32158
32230
32324
32388
32428
32495
32529
32582
32594
32604
32635
32656
32707
32786
32827
32885
32973
33044
33047
33054
33109
33202
33294
33357
33453
33499
33542
33564
33615
33687
33742
33759
33826
33862
33870
33899
33925
33977
34068
34165
34241
34283
34314
34316
34406
34413
34461
34512
34548
34626
34683
34739
34808
34907
34988
35070
35152
35215
35279
35336
35367
35439
35456
35549
35609
35681
35698
35737
35819
35906
35997
36010
36061
36070
36093
36188
36229
36302
36349
36408
36493
36513
36605
36635
36689
36738
36828
36837
36860
36872
36893
36993
37057
37076
37134
37137
37178
37208
37271
37314
37332
37415
37432
37513
37558
37636
37667
37723
37750
37811
37880
37885
37953
38035
38068
38156
38183
38229
38266
38286
38295
38298
38387
38473
38537
38548
38560
38607
38704
38790
38856
38890
38928
39023
39081
39156
39255
39352
39369
39450
39513
39598
39645
39679
39754
39775
39855
39893
39986
40059
40062
40071
40121
40144
40159
40182
40236
40308
40336
40430
40439
40487
40540
40606
40676
40741
40799
40833
40849
40912
40914
40948
40981
41011
41041
41092
41159
41190
41288
41352
41446
41519
41579
41671
41741
41791
41876
41897
41966
42062
42142
42161
42217
42296
42315
42367
42443
42521
42552
42618
42696
42735
42797
42825
42899
42987
43022
43039
43135
43233
43323
43406
43505
43525
43529
43625
43665
43726
43790
43794
43824
43834
43918
43972
44000
44089
44126
44140
44222
44225
44277
44332
44423
44457
44544
44561
44570
44659
44667
44725
44793
44802
44829
44837
44858
44870
44926
44968
45043
45064
45065
45134
45230
45253
45331
45341
45440
45461
45504
45602
45697
45718
45767
45828
45912
45937
46026
46032
46054
46091
46190
46193
46255
46338
46367
46464
46558
46608
46685
46780
46790
46823
46897
46967
46985
47058
47080
47147
47166
47227
47318
47381
47393
47414
47472
47566
47657
47719
47760
47828
47913
47944
47994
48058
48089
48161
48195
48283
48318
48414
48464
48535
48539
48634
48668
48706
48780
48828
48896
48975
49032
49108
49126
49138
49213
49261
49338
49363
49440
49492
49502
49587
49595
49678
49745
49842
49875
49973
50054
50067
50129
50156
50161
50219
50267
50358
50440
50505
50529
50597
50693
50745
50789
50815
50862
50886
50949
51012
