70
133
165
228
238
241
284
332
420
428
501
571
604
666
753
779
815
882
928
957
958
976
993
1091
1169
1172
1212
1275
1354
1407
1446
1508
1527
1586
1685
1715
1810
1893
1982
1997
2004
2064
2082
2107
2123
2166
2228
2312
2340
2367
2431
2449
2453
2475
2487
2492
2530
2588
2608
2682
2686
2768
2786
2872
2905
2949
3021
3042
3133
3162
3234
3325
3397
3422
3446
3542
3553
3571
3610
3675
3724
3814
3913
3967
3983
4064
4132
4147
4238
4323
4392
4398
4418
4517
4592
4629
4670
4740
4840
4845
4939
5012
5110
5117
5146
5212
5248
5253
5298
5334
5345
5412
5449
5519
5558
5577
5580
5666
5683
5705
5769
5830
5839
5898
5913
5977
6013
6103
6115
6129
6143
6170
6267
6274
6276
6311
6342
6437
6511
6532
6584
6638
6670
6758
6767
6789
6807
6876
6963
6965
7058
7115
7146
7198
7238
7320
7395
7413
7419
7450
7548
7632
7705
7729
7825
7864
7948
8030
8071
8125
8207
8290
8387
8469
8505
8508
8513
8580
8624
8700
8768
8772
8806
8905
8963
8964
9063
9122
9214
9255
9335
9365
9456
9496
9582
9598
9606
9681
9722
9801
9814
9827
9868
9886
9966
9972
10061
10160
10240
10267
10272
10323
10337
10424
10506
10523
10590
10671
10714
10720
10811
10896
10898
10968
11046
11075
11162
11240
11283
11301
11340
11348
11359
11448
11491
11584
11651
11702
11704
11803
11881
11939
11987
12057
12111
12188
12230
12254
12269
12299
12324
12414
12492
12509
12559
12623
12678
12744
12834
12903
12919
12970
13010
13095
13109
13143
13218
13305
13368
13380
13408
13433
13459
13514
13572
13631
13642
13650
13692
13785
13797
13814
13827
13871
13876
13962
14001
14021
14088
14178
14248
14292
14371
14420
14505
14598
14687
14728
14761
14817
14825
14889
14948
14975
15025
15044
15088
15166
15208
15252
15335
15422
15479
15483
15505
15525
15561
15601
15678
15734
15782
15787
15871
15878
15967
16065
16066
16137
16182
16278
16286
16302
16342
16376
16379
16391
16424
16493
16564
16602
16702
16772
16787
16818
16911
17011
17085
17124
17156
17253
17276
17325
17381
17405
17442
17525
17565
17643
17706
17737
17794
17798
17873
17963
17975
18065
18087
18155
18194
18236
18279
18304
18354
18440
18470
18570
18635
18719
18803
18850
18920
18958
19055
19155
19207
19233
19255
19275
19353
19380
19397
19447
19461
19534
19628
19696
19773
19787
19796
19868
19935
19966
19996
20024
20030
20114
20156
20168
20262
20296
20310
20350
20450
20521
20573
20591
20656
20681
20779
20781
20834
20908
20915
20935
21034
21088
21171
21238
21313
21395
21442
21518
21532
21628
21664
21682
21753
21810
21855
21920
21997
22093
22104
22197
22236
22327
22349
22405
22484
22539
22576
22651
22740
22745
22784
22788
22800
22876
22887
22903
22912
23004
23095
23166
23266
23268
23360
23365
23367
23415
23502
23569
23616
23638
23651
23716
23739
23795
23805
23905
23982
24017
24073
24163
24209
24301
24369
24467
24509
24552
24582
24651
24732
24779
24787
24850
24935
25028
25128
25226
25264
25292
25296
25385
25405
25472
25511
25552
25643
25670
25711
25811
25856
25923
25961
26016
26027
26037
26110
26147
26219
26278
26372
26448
26507
26571
26650
26731
26808
26855
26896
26965
26978
26998
27089
27112
27207
27224
27230
27263
27295
27347
27374
27422
27444
27481
27570
27640
27714
27802
27831
27872
27953
28038
28057
28113
28170
28246
28267
28301
28386
28406
28505
28579
28605
28699
28765
28810
28884
28954
29002
29057
29136
29176
29246
29295
29364
29411
29428
29434
29457
29541
29570
29626
29725
29764
29768
29810
29833
29911
29948
29961
29984
30063
30114
30141
30197
30213
30289
30358
30454
30472
30512
30552
30640
30707
30748
30835
30859
30909
30944
30980
31021
31079
31177
31251
31277
31322
31335
31420
31459
31477
31505
31591
31620
31645
31702
31748
31826
31923
31944
31966
32018
32116
32134
32204
32225
32228
32302
32308
32312
32403
32441
32452
32531
32629
32716
32718
32808
32830
32836
32918
32983
32992
33018
33036
33095
33145
33215
33284
33366
33379
33451
33530
33622
33720
33753
33819
33899
33966
34003
34040
34091
34105
34151
34172
34229
34262
34299
34335
34369
34436
34517
34530
34593
34617
34687
34780
34875
34923
34982
34985
35059
35087
35147
35218
35272
35287
35292
35299
35323
35398
35451
35542
35614
35618
35629
35707
35761
35861
35901
35921
35996
36026
36088
36186
36250
36320
36392
36427
36467
36510
36529
36594
36661
36670
36690
36694
36714
36802
36866
36927
36993
37036
37077
37103
37201
37298
37325
37341
37398
37427
37518
37594
37643
37675
37719
37786
37869
37887
37942
37961
38057
38100
38119
38162
38252
38293
38378
38462
38531
38599
38646
38689
38726
38796
38815
38897
38918
38949
38979
39046
39064
39082
39113
39124
39206
39264
39279
39322
39366
39440
39533
39547
39635
39689
39757
39806
39864
39918
40001
40086
40169
40231
40324
40347
40360
40373
40444
40458
40526
40560
40574
40646
40671
40747
40763
40849
40880
40894
40948
41027
41120
41174
41224
41244
41287
41376
41468
41516
41579
41609
41673
41699
41790
41805
41891
41927
42016
42030
42095
42110
42112
42159
42189
42198
42264
42293
42366
42406
42417
42444
42480
42544
42637
42721
42800
42863
42881
42904
42925
42978
43072
43074
43135
43151
43152
43240
43242
43267
43284
43381
43476
43502
43584
43613
43691
43772
43789
43833
43889
43954
44028
44055
44084
44167
44181
44197
44285
44347
44394
44429
44503
44594
44651
44667
44759
44806
44817
44848
44943
44995
45037
45091
45168
45244
45268
45269
45350
45356
45440
45532
45547
45636
45733
45822
45830
45924
45942
45956
45982
45998
46030
46072
46119
46199
46204
46298
46343
46346
46408
46454
46460
46536
46540
46601
46663
46743
46790
46844
46873
46922
46935
47021
47111
47210
47251
47347
47364
47437
47471
47550
47559
47633
47696
47711
47725
47803
47836
47914
47975
48027
48065
48075
48159
48258
48297
48385
48484
48568
48588
48603
48644
48646
48672
48750
48765
48827
48910
48922
48981
49044
49132
49226
49290
49382
49474
49479
49504
49515
49562
49591
49621
49641
49646
49730
49768
49782
49850
49872
49917
49941
50037
50060
50149
50208
50283
50372
50375
50472
