1020
1025
1053
1148
1157
1250
1289
1371
1471
1514
1546
1646
1723
1782
1846
1889
1942
1994
2007
2030
2075
2135
2143
2232
2317
2404
2475
2489
2588
2644
2677
2704
2764
2818
2875
2889
2958
3033
3089
3188
3199
3284
3375
3455
3486
3546
3552
3603
3616
3632
3719
3728
3817
3834
3870
3952
4050
4137
4145
4200
4256
4320
4323
4366
4428
4484
4534
4562
4634
4645
4672
4719
4769
4784
4822
4879
4897
4955
5008
5086
5165
5183
5276
5329
5361
5376
5460
5490
5500
5541
5548
5642
5710
5759
5799
5855
5935
5961
5977
6018
6065
6083
6110
6114
6134
6175
6248
6281
6364
6389
6433
6437
6447
6505
6568
6614
6708
6711
6811
6849
6860
6911
6957
7003
7013
7022
7069
7070
7079
7163
7177
7202
7282
7314
7402
7480
7555
7560
7608
7652
7744
7842
7876
7950
7960
8016
8114
8159
8255
8326
8400
8404
8492
8515
8584
8681
8744
8828
8854
8946
8960
9011
9021
9082
9124
9206
9221
9261
9357
9363
9453
9523
9570
9601
9633
9678
9723
9803
9820
9835
9883
9969
10063
10093
10124
10185
10191
10242
10278
10344
10407
10428
10448
10490
10550
10560
10610
10693
10749
10786
10821
10890
10899
10917
10951
10992
11060
11153
11219
11292
11367
11386
11424
11464
11530
11619
11635
11721
11729
11743
11776
11836
11900
11974
11989
12055
12083
12113
12179
12264
12268
12344
12373
12388
12452
12524
12557
12603
12663
12763
12827
12903
12975
13019
13098
13187
13226
13311
13314
13380
13432
13441
13463
13501
13507
13530
13613
13663
13705
13763
13805
13868
13909
14005
14017
14112
14152
14226
14324
14356
14376
14442
14500
14576
14660
14735
14829
14929
14965
15001
15042
15072
15114
15125
15189
15287
15383
15389
15481
15544
15639
15661
15726
15761
15800
15862
15915
15927
15935
15978
16018
16084
16122
16202
16245
16263
16352
16440
16537
16631
16685
16753
16840
16851
16905
16950
16973
17012
17029
17065
17073
17074
17135
17155
17238
17299
17320
17339
17381
17385
17403
17437
17518
17561
17586
17593
17655
17701
17758
17794
17809
17814
17835
17843
17941
17953
18046
18061
18118
18123
18202
18242
18332
18400
18408
18425
18515
18598
18648
18729
18759
18791
18813
18835
18913
18937
19037
19070
19110
19204
19281
19378
19465
19505
19565
19664
19710
19787
19819
19840
19865
19919
19966
20009
20054
20089
20135
20215
20290
20344
20354
20451
20529
20595
20669
20693
20771
20814
20841
20904
20924
21013
21037
21045
21141
21146
21223
21262
21278
21288
21294
21317
21365
21406
21493
21555
21623
21683
21781
21813
21849
21896
21922
22000
22024
22040
22133
22183
22187
22228
22293
22358
22441
22458
22506
22552
22563
22617
22712
22807
22875
22909
22989
23017
23057
23069
23111
23210
23234
23279
23342
23440
23473
23483
23508
23511
23611
23617
23635
23669
23724
23727
23750
23827
23891
23892
23985
24065
24097
24148
24210
24223
24310
24403
24474
24541
24637
24664
24736
24828
24894
24898
24921
24927
25005
25068
25097
25166
25262
25278
25307
25314
25337
25421
25454
25494
25558
25655
25702
25763
25792
25798
25865
25876
25945
26043
26142
26177
26219
26312
26349
26430
26443
26505
26534
26622
26632
26713
26794
26872
26920
27005
27074
27117
27149
27197
27201
27223
27282
27331
27334
27434
27451
27511
27549
27630
27662
27693
27703
27755
27834
27879
27956
28016
28078
28129
28176
28194
28233
28279
28293
28357
28419
28456
28491
28572
28589
28633
28647
28734
28785
28836
28839
28938
29016
29043
29068
29133
29190
29200
29243
29250
29327
29411
29472
29505
29548
29598
29638
29714
29731
29792
29803
29842
29899
29982
30001
30085
30103
30145
30146
30170
30256
30326
30414
30427
30461
30467
30529
30621
30710
30766
30782
30814
30883
30916
30920
30989
31037
31045
31117
31215
31227
31299
31382
31468
31501
31593
31688
31718
31769
31852
31865
31894
31924
31932
32023
32074
32146
32160
32216
32305
32403
32457
32489
32490
32577
32610
32662
32761
32845
32864
32872
32912
32995
33017
33043
33058
33154
33177
33201
33221
33301
33375
33399
33499
33508
33599
33682
33779
33798
33852
33923
33982
34036
34066
34156
34231
34275
34279
34329
34356
34425
34464
34537
34577
34598
34635
34735
34741
34757
34766
34850
34895
34922
34929
34931
34975
35031
35058
35144
35186
35199
35249
35331
35383
35423
35519
35597
35681
35688
35743
35808
35867
35935
35949
35961
35963
36020
36052
36140
36231
36268
36313
36338
36404
36436
36468
36471
36538
36605
36651
36694
36755
36805
36855
36937
37024
37054
37147
37229
37291
37341
37382
37387
37412
37413
37417
37481
37484
37486
37564
37656
37753
37800
37839
37931
37938
38020
38098
38171
38245
38309
38369
38431
38435
38510
38543
38642
38647
38721
38818
38880
38915
38971
39054
39084
39170
39219
39246
39337
39421
39477
39568
39657
39729
39767
39859
39943
39953
39965
40006
40067
40078
40169
40208
40223
40276
40278
40283
40323
40329
40366
40408
40483
40521
40525
40610
40663
40707
40724
40733
40768
40859
40921
41001
41024
41101
41168
41249
41282
41369
41444
41490
41533
41614
41628
41681
41781
41828
41884
41981
42073
42094
42128
42187
42196
42264
42317
42332
42378
42402
42427
42466
42522
42559
42620
42637
42732
42745
42808
42811
42826
42880
42941
42952
43041
43137
43150
43236
43280
43331
43359
43377
43473
43536
43610
43623
43664
43684
43750
43764
43810
43822
43880
43907
43979
44021
44025
44085
44122
44124
44192
44277
44282
44326
44327
44406
44497
44501
44596
44641
44718
44764
44781
44830
44844
44901
44989
45063
45152
45243
45271
45313
45369
45407
45439
45452
45475
45521
45562
45629
45683
45720
45796
45829
45876
45878
45929
45968
46068
46075
46161
46206
46298
46395
46492
46521
46579
46594
46649
46693
46699
46719
46770
46787
46849
46941
46951
47048
47145
47149
47220
47291
47347
47422
47437
47458
47499
47594
47675
47751
47845
47862
47955
48030
48090
48098
48155
48198
48285
48317
48407
48412
48494
48549
48576
48578
48582
48596
48655
48706
48803
48842
48906
48959
48968
48998
49080
49108
49189
49274
49358
49401
49482
49576
49673
49749
49773
49803
49816
49874
49938
49955
49968
49975
50001
50017
50100
50187
50191
50206
50250
50262
50269
50275
50373
50436
50511
50550
