321
335
357
395
452
516
609
675
707
759
848
866
931
1017
1077
1097
1131
1196
1269
1341
1408
1469
1507
1534
1575
1609
1661
1745
1815
1870
1927
1929
1974
2051
2079
2128
2203
2253
2308
2319
2333
2375
2442
2481
2570
2638
2653
2741
2832
2871
2957
3037
3124
3153
3209
3227
3259
3347
3446
3507
3566
3571
3617
3657
3702
3730
3793
3845
3919
3948
4012
4027
4119
4127
4191
4195
4281
4291
4327
4386
4395
4482
4545
4558
4619
4653
4654
4704
4774
4862
4906
4955
5040
5059
5158
5234
5236
5259
5335
5414
5442
5492
5568
5595
5613
5614
5664
5669
5695
5696
5730
5798
5852
5931
5964
6059
6117
6144
6178
6270
6272
6320
6381
6457
6505
6569
6580
6600
6684
6747
6782
6800
6843
6866
6928
6930
7011
7091
7113
7195
7267
7359
7411
7482
7553
7570
7574
7674
7760
7815
7838
7865
7927
7928
7983
8059
8061
8094
8099
8173
8255
8329
8343
8359
8390
8405
8450
8478
8480
8575
8580
8623
8712
8730
8800
8854
8866
8900
8951
8981
8989
9072
9125
9159
9184
9250
9341
9358
9439
9527
9574
9583
9638
9674
9679
9700
9769
9827
9923
9948
10007
10053
10150
10217
10302
10348
10351
10420
10504
10556
10571
10607
10610
10649
10651
10716
10718
10743
10799
10889
10977
11050
11135
11206
11215
11250
11302
11368
11461
11525
11594
11675
11697
11735
11768
11828
11915
11922
11938
11967
12052
12072
12115
12167
12206
12281
12370
12429
12482
12521
12618
12650
12717
12807
12867
12877
12902
12931
12950
13028
13043
13064
13114
13150
13213
13309
13404
13439
13488
13533
13582
13638
13716
13796
13815
13900
13979
13989
14001
14058
14130
14189
14286
14315
14409
14457
14518
14593
14688
14740
14751
14837
14919
14966
14987
15035
15084
15102
15137
15169
15175
15207
15266
15350
15429
15444
15461
15497
15526
15534
15562
15661
15667
15718
15731
15782
15801
15818
15852
15871
15914
15922
15981
16037
16124
16197
16207
16252
16346
16356
16389
16479
16572
16656
16735
16787
16875
16886
16894
16986
17021
17051
17084
17159
17195
17197
17273
17348
17364
17454
17546
17627
17683
17692
17725
17779
17829
17904
17969
18022
18083
18084
18117
18149
18205
18249
18297
18365
18409
18481
18510
18516
18613
18686
18712
18745
18834
18866
18945
19033
19132
19169
19244
19245
19249
19276
19354
19432
19496
19507
19527
19545
19612
19672
19753
19799
19896
19964
20034
20077
20156
20216
20303
20388
20439
20456
20481
20544
20573
20616
20632
20656
20735
20800
20892
20984
21067
21111
21143
21177
21228
21311
21372
21455
21470
21484
21535
21627
21714
21781
21798
21816
21848
21876
21891
21987
22043
22093
22097
22156
22200
22288
22320
22333
22354
22417
22418
22491
22564
22581
22605
22630
22694
22741
22795
22838
22875
22912
22973
23058
23154
23252
23339
23403
23437
23511
23580
23612
23630
23730
23823
23833
23923
24012
24052
24092
24177
24277
24320
24411
24487
24545
24633
24656
24672
24694
24705
24779
24865
24866
24913
24967
24986
25006
25060
25110
25187
25234
25243
25256
25269
25302
25363
25407
25459
25501
25583
25666
25756
25780
25832
25918
25977
25987
26014
26024
26089
26148
26235
26299
26383
26472
26535
26538
26637
26673
26754
26822
26891
26972
27057
27138
27233
27282
27323
27419
27423
27444
27467
27499
27564
27604
27637
27702
27789
27857
27943
27973
27978
28035
28076
28093
28155
28226
28308
28378
28396
28444
28495
28512
28605
28703
28733
28799
28897
28919
28935
28942
29039
29049
29118
29129
29188
29212
29234
29330
29401
29415
29459
29505
29587
29635
29693
29737
29769
29853
29918
30009
30016
30059
30134
30167
30226
30293
30357
30443
30540
30633
30732
30808
30856
30913
30953
30992
31063
31103
31191
31214
31307
31348
31373
31402
31438
31449
31546
31613
31696
31781
31877
31914
31972
32058
32095
32172
32231
32256
32326
32367
32376
32433
32435
32514
32614
32678
32730
32803
32816
32906
33000
33031
33097
33140
33192
33233
33273
33312
33359
33446
33454
33469
33476
33543
33569
33598
33696
33775
33864
33948
33969
34051
34147
34187
34234
34280
34333
34422
34464
34473
34523
34608
34684
34774
34869
34934
35005
35019
35044
35077
35163
35237
35252
35351
35392
35443
35449
35515
35523
35579
35617
35669
35713
35719
35801
35888
35931
36031
36032
36042
36130
36205
36222
36246
36316
36368
36406
36415
36475
36494
36584
36657
36726
36755
36851
36892
36972
37060
37066
37159
37185
37257
37258
37330
37370
37436
37514
37567
37658
37697
37735
37754
37820
37878
37890
37949
37971
38048
38076
38127
38218
38240
38284
38338
38370
38393
38434
38517
38542
38607
38688
38706
38744
38802
38851
38951
38976
39044
39140
39181
39246
39323
39401
39449
39499
39576
39607
39677
39773
39844
39892
39934
40007
40062
40083
40168
40200
40229
40295
40298
40368
40394
40448
40536
40599
40673
40698
40717
40747
40837
40881
40907
40991
41089
41124
41188
41232
41234
41288
41350
41402
41448
41545
41571
41635
41710
41789
41842
41937
41971
42023
42047
42111
42135
42201
42275
42351
42385
42392
42470
42551
42555
42585
42647
42685
42715
42770
42804
42819
42876
42889
42917
42979
43040
43127
43128
43165
43168
43223
43250
43334
43348
43414
43476
43493
43536
43567
43629
43682
43721
43821
43882
43973
44036
44120
44141
44230
44251
44304
44365
44386
44412
44487
44537
44576
44597
44629
44666
44706
44721
44771
44863
44877
44920
45000
45018
45057
45075
45090
45130
45171
45190
45290
45380
45480
45568
45665
45690
45755
45784
45854
45886
45927
45997
46088
46118
46179
46253
46333
46386
46451
46548
46576
46628
46724
46795
46853
46934
46980
46984
47020
47102
47126
47151
47172
47248
47281
47350
47381
47385
47475
47567
47593
47674
47720
47755
47845
47848
47914
48007
48050
48120
48121
48205
48216
48221
48266
48280
48377
48467
48545
48617
48704
48742
48778
48872
48875
48899
48986
49045
49090
49171
49179
49185
49283
49354
49368
49393
49455
49485
49521
49595
49635
49719
49783
49876
49935
50003
50095
50101
50169
50193
50213
50252
50336
50436
50509
50576
50636
50660
50723
50740
50778
50792
50845
50891
50935
50984
51052
51148
51207
51282
51284
51380
51418
51457
51463
51529
51592
51628
51681
51723
