635
670
716
721
811
840
918
1016
1106
1136
1165
1203
1269
1273
1342
1439
1441
1526
1598
1649
1672
1757
1775
1793
1866
1892
1964
2050
2109
2116
2164
2168
2255
2277
2363
2445
2520
2601
2688
2777
2804
2872
2915
2981
3007
3079
3171
3234
3259
3343
3416
3467
3471
3571
3625
3643
3723
3798
3878
3928
4012
4071
4169
4214
4222
4249
4260
4265
4273
4329
4410
4468
4566
4644
4714
4744
4826
4828
4918
5000
5074
5170
5224
5260
5299
5346
5377
5392
5413
5462
5483
5572
5616
5676
5699
5714
5719
5765
5807
5892
5981
6012
6089
6109
6125
6143
6150
6157
6189
6274
6280
6346
6433
6465
6470
6504
6518
6568
6662
6742
6831
6856
6898
6960
6977
7020
7055
7130
7191
7219
7283
7323
7409
7504
7546
7559
7597
7651
7695
7760
7824
7899
7940
7948
7999
8040
8088
8090
8168
8268
8271
8320
8356
8400
8430
8470
8494
8508
8570
8606
8612
8684
8769
8839
8862
8945
8998
9068
9161
9172
9226
9261
9347
9381
9390
9472
9496
9524
9543
9569
9622
9666
9756
9823
9904
9950
9966
10044
10144
10180
10206
10217
10306
10338
10342
10426
10437
10495
10569
10664
10685
10733
10824
10852
10865
10879
10891
10942
11016
11031
11125
11207
11287
11341
11376
11392
11436
11445
11485
11511
11557
11606
11642
11674
11702
11753
11755
11830
11918
12010
12090
12095
12194
12280
12319
12360
12364
12397
12493
12502
12578
12599
12647
12707
12751
12847
12885
12968
13052
13118
13155
13234
13280
13358
13439
13481
13524
13548
13566
13569
13602
13670
13721
13739
13824
13847
13872
13935
13939
13962
14058
14142
14236
14300
14387
14396
14401
14488
14540
14628
14726
14738
14823
14909
14949
14956
15024
15063
15153
15211
15296
15388
15483
15538
15615
15644
15739
15810
15870
15872
15932
15992
16083
16166
16169
16253
16305
16348
16433
16446
16483
16540
16623
16630
16666
16760
16775
16804
16867
16933
16990
16999
17002
17091
17176
17219
17233
17301
17326
17329
17422
17456
17510
17593
17597
17647
17724
17754
17813
17894
17975
18003
18032
18056
18060
18134
18174
18235
18284
18298
18381
18438
18518
18576
18637
18655
18744
18842
18942
18991
19059
19090
19182
19262
19307
19317
19412
19415
19500
19533
19560
19657
19686
19706
19737
19791
19851
19935
20033
20115
20193
20203
20207
20280
20297
20357
20388
20484
20499
20573
20592
20639
20677
20714
20731
20751
20798
20876
20877
20966
21046
21145
21189
21233
21317
21331
21356
21426
21468
21547
21579
21624
21670
21671
21746
21825
21923
21961
22021
22033
22073
22145
22149
22215
22240
22300
22349
22419
22507
22524
22585
22649
22730
22813
22872
22876
22890
22936
22992
23079
23092
23139
23200
23235
23237
23291
23389
23466
23548
23583
23599
23652
23752
23778
23797
23828
23904
23912
23932
24030
24079
24178
24269
24358
24445
24497
24500
24572
24603
24671
24689
24717
24816
24870
24906
24991
25060
25095
25112
25133
25215
25233
25316
25349
25377
25434
25442
25517
25518
25567
25607
25620
25663
25727
25745
25835
25849
25874
25943
25995
26084
26156
26227
26261
26350
26406
26503
26540
26607
26652
26708
26805
26826
26847
26915
26952
26965
27017
27112
27180
27264
27285
27342
27407
27494
27592
27634
27728
27795
27806
27900
27932
28006
28012
28096
28153
28170
28233
28270
28334
28356
28451
28516
28541
28616
28636
28702
28745
28813
28867
28960
29054
29068
29135
29154
29220
29320
29335
29430
29521
29587
29650
29750
29804
29841
29845
29939
30031
30068
30106
30109
30110
30200
30206
30231
30280
30298
30369
30403
30484
30528
30581
30626
30702
30752
30775
30787
30848
30948
31034
31091
31157
31253
31312
31369
31422
31446
31529
31542
31594
31626
31628
31654
31730
31813
31874
31955
31973
32010
32050
32127
32138
32144
32162
32216
32279
32353
32446
32527
32599
32665
32738
32799
32830
32914
32932
33000
33040
33116
33130
33169
33228
33322
33394
33484
33555
33565
33662
33688
33720
33735
33795
33844
33887
33897
33924
34023
34076
34098
34169
34182
34249
34292
34298
34316
34354
34437
34484
34513
34607
34661
34731
34750
34812
34871
34907
34985
35078
35098
35109
35135
35181
35261
35301
35338
35354
35451
35523
35584
35649
35685
35697
35725
35744
35749
35803
35811
35874
35883
35941
36004
36091
36112
36173
36186
36198
36256
36324
36349
36440
36479
36523
36596
36633
36656
36754
36783
36834
36902
36906
36999
37015
37108
37143
37237
37335
37343
37379
37389
37471
37544
37582
37607
37688
37696
37746
37843
37883
37911
37914
37974
38052
38103
38160
38163
38222
38238
38244
38301
38311
38373
38440
38477
38489
38555
38636
38698
38776
38820
38843
38927
38993
39036
39099
39103
39139
39238
39291
39346
39379
39464
39533
39569
39629
39689
39748
39794
39852
39899
39927
40025
40082
40086
40100
40115
40206
40275
40348
40403
40449
40481
40512
40530
40554
40591
40603
40672
40772
40792
40837
40896
40911
41010
41050
41122
41166
41209
41231
41241
41263
41330
41351
41434
41454
41503
41516
41571
41602
41646
41707
41741
41816
41894
41971
42062
42076
42112
42123
42184
42225
42297
42379
42465
42523
42550
42590
42608
42678
42774
42777
42848
42881
42906
42962
43047
43129
43210
43242
43274
43329
43335
43340
43344
43399
43416
43477
43532
43606
43618
43703
43757
43831
43911
43978
44043
44114
44193
44283
44318
44364
44381
44395
44456
44525
44554
44581
44592
44647
44721
44792
44816
44899
44921
44974
44994
44996
45056
45077
45126
45225
45261
45303
45386
45406
45479
45578
45667
45707
45801
45804
45815
45889
45903
45979
46054
46123
46206
46251
46340
46344
46372
46407
46494
46569
46632
46729
46777
46791
46886
46948
46960
47038
47091
47185
47270
47325
47340
47365
47377
47405
47483
47548
47591
47639
47681
47757
47857
47924
47987
48064
48105
48189
48273
48284
48317
48338
48429
48490
48524
48555
48631
48705
48792
48814
48905
48926
48941
48977
49046
49061
49096
49142
49182
49201
49264
49354
49360
49384
49445
49450
49530
49567
49653
49716
49803
49891
49929
49949
49977
49996
50045
50108
50177
50270
50341
50432
50525
50592
50627
50653
50744
50774
50854
50941
51038
51073
51086
51104
51166
51258
51322
51422
51460
51485
51524
51609
51642
51695
51756
51781
