773
827
860
951
1010
1037
1116
1147
1171
1184
1221
1231
1273
1327
1371
1425
1520
1533
1548
1610
1665
1740
1748
1777
1849
1935
1993
2054
2136
2162
2228
2302
2336
2382
2475
2522
2620
2675
2738
2824
2920
2976
3055
3065
3123
3215
3271
3306
3356
3390
3444
3527
3579
3658
3745
3789
3820
3841
3932
3970
3983
4068
4077
4169
4223
4280
4345
4346
4373
4392
4463
4503
4575
4667
4758
4800
4859
4860
4888
4963
5002
5062
5076
5112
5163
5206
5232
5293
5297
5344
5356
5398
5456
5500
5545
5639
5646
5724
5769
5801
5881
5967
5979
6055
6144
6172
6260
6283
6383
6391
6461
6560
6627
6713
6768
6849
6936
6949
6963
6977
6987
7037
7075
7145
7175
7208
7300
7312
7387
7482
7514
7605
7668
7747
7793
7821
7902
7913
8012
8090
8144
8216
8242
8342
8407
8466
8528
8616
8690
8707
8710
8713
8809
8901
8914
8941
8981
9036
9102
9114
9207
9243
9294
9324
9357
9404
9424
9487
9556
9639
9661
9697
9713
9719
9796
9890
9930
9947
9996
10065
10128
10129
10173
10269
10332
10357
10391
10417
10426
10427
10509
10600
10635
10691
10705
10740
10753
10811
10909
10979
11057
11154
11186
11195
11198
11271
11301
11346
11352
11368
11454
11488
11585
11608
11654
11667
11734
11744
11815
11820
11821
11856
11897
11942
12038
12078
12149
12160
12166
12199
12277
12373
12418
12462
12542
12545
12603
12668
12743
12829
12838
12922
12971
13068
13090
13145
13233
13255
13352
13425
13432
13445
13471
13529
13564
13593
13690
13777
13844
13876
13940
13957
13976
14058
14117
14211
14303
14387
14406
14504
14596
14644
14694
14754
14814
14815
14882
14951
15010
15080
15124
15201
15222
15301
15389
15397
15408
15450
15524
15550
15628
15721
15758
15815
15877
15960
16002
16089
16132
16231
16330
16399
16422
16474
16507
16587
16603
16668
16750
16846
16922
16982
16993
17053
17088
17106
17107
17199
17262
17312
17395
17436
17469
17529
17627
17721
17771
17864
17910
17996
18075
18132
18203
18241
18339
18429
18524
18539
18629
18638
18695
18737
18828
18893
18908
18989
19003
19099
19145
19162
19222
19223
19253
19291
19307
19342
19351
19367
19439
19528
19600
19665
19681
19781
19784
19851
19855
19894
19948
19959
20001
20036
20118
20193
20251
20291
20297
20309
20326
20354
20383
20384
20452
20489
20554
20574
20654
20710
20737
20779
20827
20895
20947
20980
21061
21130
21210
21268
21299
21396
21467
21497
21557
21565
21634
21708
21734
21827
21840
21940
21969
22064
22065
22145
22186
22272
22340
22392
22468
22498
22524
22542
22569
22587
22646
22657
22709
22718
22751
22805
22810
22851
22907
22914
22960
23005
23024
23111
23196
23254
23293
23369
23387
23473
23500
23599
23656
23669
23677
23757
23850
23917
23969
24023
24054
24113
24160
24192
24254
24309
24401
24482
24494
24571
24630
24695
24793
24833
24848
24851
24919
24927
25018
25027
25089
25103
25173
25218
25222
25322
25367
25372
25385
25413
25481
25525
25553
25648
25682
25711
25781
25809
25891
25988
26002
26054
26111
26122
26192
26279
26305
26374
26461
26483
26499
26544
26590
26650
26717
26728
26786
26790
26803
26882
26918
26924
26953
27014
27036
27077
27094
27131
27206
27260
27306
27314
27333
27369
27385
27445
27465
27564
27583
27681
27764
27851
27944
28022
28076
28145
28156
28197
28220
28287
28307
28317
28370
28390
28414
28431
28511
28521
28528
28623
28653
28711
28790
28882
28945
28989
29049
29106
29107
29185
29188
29200
29215
29314
29386
29465
29522
29615
29699
29737
29750
29827
29854
29940
29966
29975
29990
29994
30084
30111
30170
30265
30267
30343
30366
30441
30445
30490
30566
30659
30728
30748
30792
30822
30912
30934
30941
30968
31058
31140
31232
31279
31359
31402
31486
31501
31582
31625
31691
31710
31800
31849
31901
31947
32039
32052
32110
32170
32200
32230
32296
32347
32358
32390
32465
32527
32624
32630
32716
32809
32859
32899
32936
33034
33117
33154
33189
33210
33232
33320
33389
33470
33532
33575
33633
33716
33785
33860
33880
33971
33993
34052
34114
34161
34196
34294
34388
34483
34534
34594
34659
34744
34765
34796
34833
34860
34881
34884
34959
34984
35005
35102
35197
35274
35291
35310
35363
35436
35496
35505
35584
35647
35677
35681
35748
35790
35822
35876
35954
36014
36063
36091
36148
36206
36244
36320
36411
36469
36553
36569
36586
36609
36620
36711
36804
36900
36946
37018
37026
37115
37116
37173
37248
37292
37335
37429
37464
37488
37579
37592
37637
37663
37742
37748
37827
37864
37885
37930
37975
38005
38071
38155
38253
38350
38371
38445
38503
38582
38649
38697
38747
38840
38844
38883
38946
39037
39045
39059
39097
39138
39208
39308
39361
39388
39434
39454
39506
39578
39672
39751
39842
39856
39945
39959
40003
40053
40062
40105
40174
40230
40308
40327
40352
40414
40454
40476
40516
40588
40657
40713
40785
40854
40855
40866
40963
40990
41022
41075
41127
41185
41268
41304
41340
41400
41461
41504
41544
41557
41633
41679
41779
41810
41858
41872
41893
41929
42000
42041
42104
42191
42204
42288
42377
42398
42468
42531
42591
42599
42655
42665
42699
42768
42795
42801
42852
42942
43028
43128
43206
43289
43290
43376
43382
43426
43490
43572
43603
43656
43698
43730
43780
43848
43903
43949
43980
43984
44053
44068
44163
44232
44244
44295
44341
44353
44364
44426
44456
44545
44587
44676
44773
44803
44872
44957
45042
45099
45156
45188
45222
45230
45319
45379
45458
45487
45523
45548
45567
45613
45695
45712
45807
45848
45937
45970
46037
46072
46122
46216
46298
46362
46373
46377
46421
46471
46527
46532
46587
46681
46771
46795
46796
46810
46888
46979
47054
47112
47138
47213
47241
47308
47329
47369
47420
47429
47517
47589
47661
47723
47758
47849
47911
47956
47981
47983
47996
48066
48102
48155
48240
48300
48379
48402
48498
48544
48572
48618
48697
48742
48796
48862
48925
48933
48948
49023
49114
49180
49236
49297
49395
49429
49520
49586
49662
49674
49724
49750
49754
49756
49787
49854
49949
50003
50074
50135
50154
50181
50221
50304
50339
50418
50454
50514
50515
50607
50625
50631
50722
50726
50819
50833
50914
50995
51036
51100
51162
51247
51276
51346
51365
51437
51462
51492
51522
51529
51569
51656
