815
829
867
909
994
1014
1082
1089
1145
1146
1170
1268
1292
1302
1360
1411
1470
1523
1528
1576
1642
1684
1775
1823
1865
1880
1884
1940
1980
2041
2072
2106
2143
2194
2271
2309
2367
2387
2451
2478
2535
2600
2603
2684
2756
2856
2923
2953
2976
3035
3046
3102
3184
3234
3263
3286
3294
3379
3410
3421
3462
3505
3587
3660
3722
3763
3819
3836
3844
3937
3970
4028
4054
4122
4179
4205
4206
4296
4309
4311
4344
4358
4400
4451
4498
4596
4672
4705
4757
4855
4949
4965
4991
5074
5079
5095
5125
5211
5270
5327
5420
5474
5516
5545
5605
5638
5640
5673
5681
5685
5770
5818
5875
5971
6008
6079
6099
6138
6203
6217
6290
6314
6377
6467
6485
6528
6627
6675
6705
6784
6795
6889
6918
6920
6964
7016
7077
7109
7112
7125
7170
7201
7249
7322
7354
7385
7439
7443
7534
7628
7687
7689
7713
7807
7861
7937
8027
8068
8083
8177
8262
8340
8400
8500
8556
8623
8700
8723
8738
8775
8848
8918
8989
9079
9162
9210
9249
9262
9336
9350
9375
9424
9458
9548
9572
9587
9614
9635
9645
9702
9785
9866
9952
10027
10075
10115
10152
10179
10222
10285
10317
10329
10348
10416
10435
10488
10588
10672
10754
10755
10779
10879
10890
10987
11061
11140
11225
11325
11408
11443
11531
11537
11589
11667
11720
11751
11839
11863
11908
11947
11980
12039
12065
12163
12230
12257
12341
12424
12488
12522
12544
12594
12632
12634
12658
12708
12744
12764
12771
12810
12816
12821
12844
12867
12959
13009
13012
13090
13155
13194
13235
13324
13395
13414
13450
13514
13589
13634
13683
13688
13770
13809
13812
13872
13969
14043
14140
14205
14221
14307
14349
14413
14483
14506
14547
14588
14662
14747
14767
14796
14804
14837
14896
14898
14948
15030
15121
15173
15253
15324
15390
15485
15566
15599
15679
15734
15753
15755
15816
15864
15906
15984
16022
16085
16087
16148
16183
16207
16250
16300
16318
16348
16432
16505
16554
16556
16560
16643
16716
16717
16799
16833
16870
16943
17037
17122
17150
17178
17234
17278
17357
17379
17389
17461
17480
17490
17558
17618
17624
17641
17712
17750
17844
17855
17945
18039
18071
18087
18158
18162
18163
18208
18241
18306
18404
18417
18516
18571
18626
18712
18788
18827
18881
18893
18936
19036
19056
19134
19202
19223
19294
19312
19387
19463
19480
19535
19614
19636
19657
19690
19727
19790
19828
19876
19926
20004
20044
20120
20153
20174
20183
20204
20215
20266
20359
20401
20480
20517
20609
20684
20737
20837
20844
20940
20948
20996
21022
21116
21186
21230
21267
21308
21337
21352
21450
21470
21498
21570
21620
21718
21779
21848
21916
22014
22022
22060
22108
22112
22129
22179
22188
22206
22243
22316
22343
22352
22396
22466
22561
22566
22579
22647
22676
22747
22801
22863
22883
22905
22999
23009
23063
23100
23155
23186
23250
23333
23411
23465
23563
23660
23674
23681
23687
23699
23792
23842
23890
23974
24024
24080
24153
24175
24204
24303
24384
24412
24425
24464
24509
24525
24553
24564
24640
24728
24816
24869
24917
24980
25068
25148
25218
25219
25258
25355
25451
25502
25558
25622
25636
25660
25710
25798
25850
25868
25898
25931
26020
26099
26139
26166
26181
26218
26313
26390
26394
26433
26452
26472
26551
26590
26606
26644
26666
26756
26832
26866
26960
27019
27022
27110
27125
27128
27190
27280
27363
27395
27409
27507
27546
27641
27698
27707
27709
27713
27732
27821
27914
27934
27967
27993
28007
28040
28093
28173
28201
28249
28297
28301
28381
28480
28577
28631
28658
28738
28772
28798
28862
28904
28944
28994
29008
29101
29128
29163
29206
29287
29341
29411
29417
29505
29588
29593
29619
29626
29669
29671
29729
29748
29771
29829
29916
29991
30040
30059
30060
30099
30138
30213
30240
30280
30332
30345
30410
30480
30524
30535
30602
30693
30775
30812
30899
30987
31049
31076
31115
31196
31217
31303
31316
31411
31413
31457
31483
31573
31587
31651
31717
31750
31808
31874
31897
31965
32000
32086
32090
32124
32209
32231
32324
32332
32394
32449
32507
32529
32557
32602
32637
32657
32721
32782
32812
32877
32904
33002
33073
33132
33212
33233
33245
33313
33317
33409
33485
33496
33581
33644
33668
33705
33721
33785
33877
33927
33988
34073
34113
34194
34232
34285
34351
34419
34458
34477
34560
34593
34610
34635
34669
34724
34777
34837
34875
34905
34954
35007
35094
35183
35217
35299
35333
35415
35506
35577
35640
35735
35773
35838
35935
35998
36009
36048
36144
36173
36259
36322
36357
36444
36493
36526
36542
36616
36715
36772
36773
36811
36870
36877
36930
37019
37023
37071
37094
37177
37235
37322
37375
37389
37396
37410
37508
37557
37637
37654
37680
37746
37767
37771
37837
37851
37878
37887
37958
38021
38097
38131
38221
38301
38305
38382
38451
38534
38598
38694
38793
38844
38944
38962
39025
39051
39133
39156
39161
39164
39174
39268
39274
39328
39341
39343
39390
39457
39540
39591
39682
39745
39836
39900
39970
40047
40057
40078
40107
40175
40228
40247
40315
40320
40419
40509
40595
40666
40697
40743
40780
40844
40878
40885
40913
40928
41025
41092
41168
41169
41225
41268
41331
41359
41457
41515
41565
41592
41643
41716
41787
41862
41914
41951
41986
42076
42115
42128
42215
42311
42392
42468
42484
42520
42579
42598
42611
42654
42708
42736
42830
42868
42923
42972
42993
43051
43092
43096
43145
43216
43308
43397
43480
43575
43622
43711
43732
43815
43915
43958
44002
44053
44119
44129
44223
44256
44288
44366
44445
44463
44542
44577
44598
44656
44736
44781
44823
44842
44845
44894
44948
44997
45095
45114
45157
45179
45262
45351
45407
45469
45516
45602
45645
45727
45788
45803
45844
45941
46037
46076
46116
46144
46162
46256
46273
46299
46348
46441
46517
46583
46661
46691
46732
46795
46868
46872
46954
46963
47032
47082
47099
47150
47175
47243
47304
47361
47420
47457
47476
47518
47600
47605
47678
47691
47791
47810
47853
47911
48004
48071
48112
48158
48187
48221
48281
48311
48317
48363
48450
48516
48563
48616
48684
48697
48717
48735
48832
48864
48954
48970
49063
49083
49150
49207
49256
49289
49347
49359
49377
49408
49455
49531
49619
49692
49694
49786
49826
49902
49956
49957
49982
50080
50116
50172
50210
50250
50301
50319
