898
952
974
1016
1091
1113
1150
1167
1246
1318
1353
1372
1435
1455
1506
1578
1601
1672
1739
1839
1885
1922
2001
2018
2065
2150
2236
2320
2393
2421
2451
2501
2509
2606
2654
2705
2759
2806
2826
2922
2995
3074
3111
3199
3219
3234
3304
3322
3335
3378
3399
3494
3537
3570
3605
3676
3715
3811
3878
3915
4004
4092
4179
4268
4275
4310
4338
4392
4409
4435
4470
4482
4513
4515
4608
4633
4688
4754
4819
4822
4828
4882
4982
5008
5042
5061
5132
5225
5246
5316
5364
5402
5410
5478
5576
5590
5631
5635
5730
5821
5837
5890
5933
5963
5979
6023
6050
6088
6113
6147
6182
6190
6272
6309
6394
6396
6447
6491
6515
6544
6547
6617
6632
6642
6736
6806
6840
6928
6943
7001
7070
7083
7125
7170
7212
7226
7292
7389
7400
7491
7537
7540
7612
7658
7750
7848
7917
7979
7985
8072
8096
8118
8174
8195
8253
8301
8325
8402
8442
8446
8451
8494
8570
8580
8590
8606
8626
8662
8741
8797
8833
8919
8977
9047
9139
9155
9159
9247
9285
9369
9420
9503
9550
9575
9664
9674
9771
9804
9835
9913
9919
9920
9959
10029
10089
10102
10119
10159
10202
10295
10326
10377
10477
10481
10505
10549
10635
10642
10647
10682
10771
10787
10790
10873
10883
10941
10950
10972
11071
11146
11224
11227
11327
11410
11487
11560
11632
11645
11676
11735
11787
11838
11871
11886
11949
12001
12090
12164
12208
12293
12372
12468
12513
12602
12623
12678
12747
12816
12896
12926
12958
12987
13059
13120
13205
13281
13347
13427
13502
13585
13597
13598
13631
13721
13745
13787
13880
13883
13982
14038
14060
14099
14177
14242
14273
14275
14315
14364
14400
14415
14513
14568
14625
14704
14743
14799
14846
14941
14974
15074
15145
15166
15202
15225
15226
15227
15297
15305
15387
15404
15437
15502
15569
15599
15631
15696
15739
15774
15801
15890
15990
16060
16074
16130
16185
16231
16270
16352
16379
16442
16517
16554
16620
16687
16773
16797
16816
16832
16918
17003
17077
17089
17148
17162
17247
17345
17347
17393
17457
17476
17541
17590
17680
17694
17786
17819
17853
17865
17903
17929
18012
18046
18099
18164
18255
18320
18414
18436
18530
18533
18586
18655
18705
18767
18830
18900
18942
18944
19042
19063
19091
19191
19244
19282
19368
19392
19419
19454
19501
19537
19550
19564
19643
19669
19700
19742
19787
19851
19862
19914
19995
20031
20131
20199
20289
20356
20421
20453
20485
20558
20620
20633
20664
20695
20779
20866
20959
21059
21104
21165
21231
21315
21316
21359
21387
21409
21458
21547
21632
21722
21752
21782
21800
21857
21919
21988
22016
22051
22058
22072
22123
22196
22253
22314
22401
22439
22508
22570
22660
22733
22772
22792
22885
22954
22963
23051
23071
23153
23181
23248
23258
23318
23390
23436
23510
23579
23590
23669
23729
23733
23799
23887
23894
23942
23982
24071
24120
24145
24218
24256
24288
24356
24363
24368
24372
24469
24550
24615
24689
24744
24815
24855
24942
25030
25095
25166
25213
25242
25267
25362
25369
25452
25508
25535
25613
25627
25631
25664
25699
25778
25799
25871
25901
25963
26037
26132
26172
26201
26224
26286
26368
26370
26422
26503
26573
26590
26669
26713
26733
26797
26870
26919
26976
27034
27109
27115
27176
27236
27243
27261
27343
27382
27404
27455
27523
27593
27607
27695
27710
27727
27789
27813
27824
27897
27917
27935
27949
27962
28008
28091
28182
28214
28229
28319
28359
28441
28531
28554
28605
28666
28709
28779
28865
28931
28957
28986
29079
29107
29162
29190
29229
29313
29331
29413
29438
29462
29535
29602
29628
29674
29739
29803
29855
29856
29937
29997
30041
30064
30080
30141
30241
30257
30309
30369
30440
30487
30583
30670
30739
30797
30890
30963
31036
31059
31105
31138
31191
31232
31284
31381
31453
31484
31566
31580
31652
31686
31775
31831
31907
31984
32084
32151
32152
32157
32235
32292
32344
32373
32384
32472
32535
32567
32588
32671
32709
32794
32812
32876
32936
32969
32984
32988
33084
33100
33198
33269
33358
33376
33440
33527
33609
33647
33686
33700
33729
33829
33832
33915
33976
34042
34072
34129
34224
34247
34322
34393
34431
34498
34533
34581
34589
34615
34675
34732
34824
34876
34899
34906
34912
35011
35056
35108
35158
35249
35251
35261
35291
35361
35409
35435
35450
35466
35536
35555
35643
35667
35729
35767
35784
35838
35865
35902
35963
36045
36083
36161
36259
36290
36366
36410
36497
36560
36595
36678
36741
36817
36828
36909
37000
37044
37125
37149
37210
37218
37232
37316
37386
37429
37481
37523
37618
37625
37718
37733
37808
37856
37905
37916
37937
37950
38047
38141
38185
38247
38302
38393
38411
38458
38513
38543
38593
38644
38707
38715
38797
38856
38906
38999
39019
39078
39156
39207
39246
39249
39332
39379
39419
39426
39442
39472
39519
39587
39658
39741
39753
39767
39777
39791
39842
39854
39921
39925
40008
40071
40116
40205
40284
40306
40358
40422
40495
40560
40621
40688
40718
40781
40846
40878
40907
40997
41075
41108
41121
41149
41161
41192
41256
41271
41313
41338
41386
41470
41566
41616
41618
41679
41773
41838
41843
41860
41937
41962
42061
42092
42105
42177
42212
42277
42368
42457
42536
42632
42702
42746
42752
42759
42816
42862
42875
42941
43039
43107
43199
43255
43283
43295
43350
43377
43383
43404
43423
43442
43450
43519
43594
43660
43726
43747
43843
43855
43902
43986
44061
44109
44194
44199
44295
44369
44412
44498
44557
44631
44731
44769
44816
44859
44907
44997
45060
45135
45176
45190
45195
45284
45382
45390
45423
45482
45549
45600
45659
45743
45787
45884
45901
45911
45934
45958
46015
46034
46089
46185
46191
46246
46324
46331
46383
46483
46500
46576
46649
46720
46764
46811
46853
46881
46886
46891
46955
47048
47050
47136
47163
47220
47234
47253
47329
47428
47497
47597
47631
47710
47761
47809
47887
47987
48077
48100
48194
48251
48330
48358
48406
48436
48534
48622
48627
48713
48785
48847
48914
48997
49028
49054
49082
49127
49134
49217
49280
49282
49324
49362
49386
49425
49501
49591
49608
49700
49731
49756
49805
49894
49913
49968
50006
50089
50131
50224
50225
50273
50363
50411
50422
50488
50512
50538
50594
50595
50636
50714
50723
50785
50841
50918
50979
51016
51116
51126
51129
51227
