870
895
908
923
1015
1093
1148
1214
1305
1371
1470
1552
1642
1724
1795
1831
1845
1920
1994
2038
2060
2122
2203
2302
2376
2416
2427
2512
2563
2633
2661
2758
2841
2842
2937
3016
3093
3103
3162
3196
3198
3223
3239
3262
3345
3406
3432
3475
3546
3562
3573
3664
3756
3757
3823
3872
3968
3985
4056
4102
4104
4156
4174
4216
4304
4370
4455
4509
4542
4580
4658
4671
4719
4728
4741
4757
4788
4843
4934
4938
4945
5026
5116
5186
5209
5241
5304
5367
5418
5459
5474
5567
5655
5698
5706
5796
5833
5918
5931
5955
5985
6085
6182
6274
6338
6377
6407
6430
6435
6450
6532
6627
6715
6735
6823
6887
6946
7045
7096
7114
7119
7181
7218
7267
7301
7395
7423
7498
7583
7664
7718
7723
7807
7822
7916
7962
8016
8049
8118
8131
8229
8268
8309
8342
8427
8495
8529
8575
8621
8626
8693
8752
8839
8886
8941
9026
9058
9079
9175
9210
9281
9310
9379
9478
9487
9553
9569
9631
9671
9674
9725
9753
9766
9831
9908
9954
9963
9972
10022
10034
10049
10103
10117
10183
10245
10246
10303
10362
10421
10469
10491
10567
10577
10582
10662
10692
10767
10802
10862
10863
10876
10933
10972
11046
11051
11091
11130
11142
11234
11262
11292
11312
11377
11388
11405
11442
11516
11600
11683
11717
11782
11849
11913
12006
12093
12112
12170
12213
12220
12236
12262
12287
12353
12370
12428
12472
12554
12598
12666
12678
12776
12827
12844
12854
12929
12932
13010
13087
13141
13175
13239
13313
13411
13440
13488
13581
13625
13723
13816
13818
13864
13964
13992
14014
14016
14058
14093
14162
14243
14295
14321
14402
14441
14541
14617
14704
14746
14793
14871
14916
14941
14970
14983
15060
15116
15198
15258
15280
15345
15408
15416
15456
15539
15548
15646
15704
15790
15889
15974
16033
16061
16068
16150
16158
16170
16177
16196
16198
16217
16241
16340
16388
16429
16495
16497
16520
16580
16657
16720
16790
16862
16891
16991
17075
17153
17213
17259
17308
17356
17364
17444
17503
17553
17563
17616
17661
17755
17854
17930
17944
18028
18096
18160
18179
18185
18219
18290
18326
18354
18429
18466
18536
18541
18543
18568
18661
18748
18838
18898
18915
19015
19043
19056
19074
19099
19199
19295
19343
19413
19416
19496
19584
19680
19712
19809
19901
19965
19980
20075
20109
20116
20141
20170
20190
20212
20292
20373
20460
20516
20588
20677
20726
20762
20793
20881
20916
20926
20964
20985
21067
21139
21178
21184
21232
21248
21330
21428
21510
21578
21616
21709
21748
21843
21938
22028
22061
22132
22195
22261
22320
22400
22413
22433
22447
22448
22458
22555
22603
22660
22695
22730
22786
22866
22890
22921
22930
22939
23030
23047
23053
23148
23168
23205
23273
23292
23293
23379
23445
23476
23526
23606
23633
23670
23743
23810
23842
23858
23926
24000
24013
24105
24194
24199
24207
24303
24374
24445
24492
24587
24672
24750
24842
24902
24979
25073
25092
25097
25176
25268
25357
25423
25497
25585
25684
25766
25814
25895
25926
26011
26040
26053
26064
26135
26185
26239
26251
26296
26382
26403
26434
26467
26558
26653
26664
26732
26793
26883
26915
26964
27036
27051
27125
27196
27212
27259
27310
27384
27390
27465
27543
27608
27689
27749
27803
27824
27835
27873
27878
27934
28019
28115
28180
28261
28311
28367
28408
28459
28556
28594
28655
28699
28773
28837
28841
28930
28965
29035
29064
29136
29198
29262
29324
29411
29452
29516
29607
29640
29729
29822
29916
29968
30016
30022
30102
30104
30163
30188
30196
30197
30247
30309
30324
30424
30465
30514
30530
30566
30629
30664
30753
30762
30797
30869
30892
30958
31017
31076
31144
31149
31202
31206
31279
31359
31375
31396
31442
31530
31609
31612
31696
31702
31751
31783
31835
31878
31958
32043
32120
32191
32273
32312
32386
32442
32451
32533
32539
32639
32696
32740
32823
32873
32967
33037
33063
33116
33118
33187
33267
33292
33318
33341
33394
33428
33520
33601
33670
33690
33764
33863
33926
33941
34034
34078
34083
34161
34164
34209
34283
34331
34387
34417
34450
34482
34485
34572
34636
34689
34741
34757
34836
34936
34984
35033
35094
35182
35224
35302
35399
35406
35506
35573
35597
35669
35743
35825
35876
35939
35972
35979
36006
36082
36151
36199
36293
36384
36453
36465
36553
36583
36634
36667
36756
36852
36937
37032
37068
37115
37163
37177
37241
37331
37377
37403
37446
37463
37495
37536
37603
37665
37752
37838
37894
37978
38050
38127
38130
38141
38229
38328
38354
38440
38445
38536
38575
38649
38684
38771
38784
38874
38875
38929
38930
38995
39067
39159
39220
39267
39292
39305
39352
39381
39392
39406
39487
39518
39597
39621
39666
39742
39807
39902
39945
40041
40059
40082
40148
40157
40202
40261
40272
40273
40355
40403
40431
40516
40520
40536
40556
40572
40582
40612
40711
40715
40717
40805
40828
40900
40967
41051
41140
41212
41268
41343
41346
41381
41458
41521
41569
41615
41696
41758
41822
41895
41958
42041
42045
42120
42196
42268
42355
42370
42374
42391
42466
42506
42558
42604
42698
42719
42765
42826
42918
42990
43066
43129
43173
43212
43285
43368
43456
43536
43551
43566
43586
43623
43635
43701
43777
43856
43882
43923
43979
44009
44059
44104
44187
44231
44246
44333
44412
44454
44508
44563
44632
44695
44731
44793
44858
44870
44935
44972
44985
45030
45123
45128
45217
45221
45316
45320
45376
45382
45425
45520
45579
45642
45666
45718
45724
45775
45794
45879
45898
45986
45999
46091
46126
46129
46173
46185
46256
46279
46368
46415
46439
46516
46565
46614
46660
46759
46786
46842
46915
46974
46975
46986
47054
47148
47189
47212
47294
47316
47335
47361
47365
47368
47396
47488
47500
47572
47595
47688
47739
47809
47832
47835
47917
47947
48038
48100
48173
48175
48231
48295
48367
48392
48432
48473
48518
48612
48709
48773
48821
48845
48877
48903
48995
49092
49132
49174
49251
49326
49386
49398
49456
49457
49551
49616
49633
49676
49776
49827
49868
49901
49976
50004
50049
50076
50155
50240
50254
50323
50350
50361
50374
50463
50514
50544
50624
50703
50753
50845
50860
50947
50984
51046
51128
51164
51168
51204
51235
51257
51306
51324
51369
51420
51510
51599
51629
51701
51741
51816
51879
51919
51998
52097
52193
52203
52295
52341
52394
