511
513
544
608
708
725
779
852
874
953
967
1048
1082
1156
1173
1188
1218
1281
1330
1411
1474
1477
1500
1527
1568
1601
1666
1745
1758
1770
1842
1900
1975
1980
2068
2121
2216
2256
2273
2284
2325
2422
2464
2477
2491
2552
2605
2675
2772
2804
2870
2884
2972
3020
3060
3113
3158
3196
3268
3354
3418
3432
3523
3549
3627
3662
3670
3726
3761
3774
3865
3880
3896
3935
3958
4007
4093
4133
4185
4241
4297
4319
4331
4396
4483
4525
4559
4595
4631
4729
4753
4758
4783
4819
4906
5000
5045
5112
5145
5159
5169
5223
5271
5359
5376
5388
5444
5468
5516
5538
5561
5564
5612
5626
5718
5773
5799
5813
5865
5912
5989
6044
6086
6146
6185
6250
6324
6326
6380
6397
6424
6442
6455
6476
6565
6626
6713
6803
6847
6895
6966
7008
7042
7090
7109
7175
7269
7304
7358
7392
7399
7480
7500
7579
7673
7732
7772
7821
7879
7900
7929
7964
7997
8073
8147
8148
8173
8198
8269
8340
8428
8459
8473
8508
8573
8654
8685
8745
8755
8791
8857
8934
8981
9005
9078
9167
9223
9306
9316
9358
9359
9416
9508
9563
9605
9681
9747
9801
9830
9897
9919
9991
10037
10097
10108
10171
10192
10245
10299
10345
10382
10453
10529
10584
10631
10673
10759
10782
10807
10905
10979
11071
11111
11198
11250
11269
11368
11379
11450
11528
11532
11603
11677
11711
11754
11770
11778
11867
11960
11969
12011
12103
12183
12199
12212
12287
12370
12392
12458
12463
12538
12558
12589
12642
12701
12735
12791
12867
12930
12979
13031
13126
13130
13205
13223
13281
13337
13407
13486
13565
13577
13632
13724
13801
13870
13876
13923
13944
14014
14068
14129
14139
14174
14182
14272
14320
14389
14424
14467
14506
14568
14622
14685
14740
14802
14891
14910
14971
15059
15142
15155
15198
15252
15272
15291
15299
15393
15420
15491
15532
15629
15702
15781
15824
15867
15967
16007
16061
16086
16132
16139
16217
16306
16400
16441
16484
16561
16659
16725
16772
16790
16885
16927
17005
17077
17108
17183
17239
17273
17279
17285
17354
17409
17411
17504
17545
17579
17678
17756
17819
17840
17928
17987
18067
18135
18219
18233
18294
18351
18391
18427
18494
18498
18559
18638
18686
18690
18699
18739
18763
18841
18844
18934
19020
19074
19105
19191
19196
19209
19306
19317
19364
19449
19528
19577
19640
19655
19684
19743
19776
19811
19818
19896
19942
20020
20106
20164
20187
20200
20298
20310
20351
20422
20435
20495
20595
20692
20784
20854
20901
20960
21004
21100
21107
21140
21226
21322
21396
21476
21483
21579
21659
21705
21803
21810
21870
21882
21929
22015
22098
22164
22189
22281
22373
22439
22490
22559
22576
22623
22723
22768
22864
22881
22946
23004
23015
23076
23136
23146
23156
23205
23272
23304
23354
23429
23467
23558
23563
23645
23706
23761
23828
23857
23874
23895
23931
23990
24007
24036
24041
24090
24186
24274
24302
24377
24428
24457
24469
24492
24566
24586
24634
24727
24822
24891
24926
24982
25013
25084
25089
25129
25210
25287
25332
25410
25476
25497
25530
25532
25541
25623
25632
25702
25727
25761
25813
25866
25915
25988
26049
26091
26174
26262
26331
26377
26458
26504
26551
26616
26647
26687
26720
26735
26832
26887
26902
26924
26981
27066
27092
27105
27178
27189
27283
27358
27447
27499
27558
27567
27583
27683
27764
27820
27874
27886
27972
27984
27993
28054
28117
28202
28233
28287
28344
28418
28499
28547
28584
28610
28671
28721
28743
28794
28816
28846
28886
28962
28995
29040
29109
29160
29164
29183
29246
29296
29389
29437
29525
29557
29605
29637
29705
29788
29881
29885
29972
30017
30033
30041
30132
30200
30209
30251
30299
30310
30362
30427
30511
30548
30580
30659
30720
30813
30837
30892
30910
30985
31018
31045
31092
31118
31191
31286
31300
31318
31410
31471
31536
31582
31659
31697
31793
31813
31862
31885
31940
31983
32075
32165
32187
32228
32253
32266
32299
32394
32458
32511
32549
32601
32645
32737
32769
32851
32917
33010
33052
33123
33146
33152
33214
33215
33239
33285
33347
33380
33479
33482
33522
33557
33601
33676
33681
33781
33838
33880
33890
33918
33976
33977
34008
34027
34033
34122
34136
34147
34179
34254
34283
34346
34379
34445
34502
34594
34680
34703
34773
34842
34856
34916
34937
34975
35047
35074
35135
35162
35233
35252
35269
35329
35369
35386
35395
35484
35530
35569
35660
35741
35801
35857
35882
35956
35978
35999
36044
36061
36074
36122
36215
36221
36319
36360
36399
36421
36492
36535
36594
36659
36672
36681
36767
36858
36872
36895
36975
37016
37038
37104
37108
37197
37223
37283
37346
37359
37371
37419
37493
37540
37619
37646
37656
37747
37772
37834
37890
37948
37949
37973
38066
38109
38188
38264
38287
38352
38370
38389
38392
38448
38449
38453
38478
38555
38573
38661
38695
38775
38794
38888
38983
39006
39050
39109
39177
39213
39247
39260
39268
39307
39388
39401
39410
39484
39554
39627
39699
39737
39765
39778
39831
39890
39913
39915
39928
39972
39990
40033
40051
40135
40199
40283
40284
40372
40422
40467
40517
40547
40624
40679
40724
40799
40803
40900
40908
40937
40995
41093
41137
41206
41306
41318
41396
41403
41478
41517
41580
41619
41623
41715
41758
41763
41828
41911
41979
42067
42165
42210
42228
42233
42317
42370
42388
42452
42507
42578
42626
42639
42683
42684
42692
42727
42735
42799
42887
42924
42977
43060
43099
43123
43143
43199
43252
43307
43356
43364
43445
43452
43516
43537
43621
43710
43797
43860
43880
43943
43991
44049
44095
44191
44239
44250
44292
44390
44426
44443
44491
44524
44578
44621
44636
44654
44665
44689
44768
44836
44888
44931
45013
45044
45075
45118
45214
45299
45387
45418
45512
45555
45587
45652
45666
45724
45799
45867
45925
45930
46010
46036
46060
46091
46162
46236
46293
46332
46344
46422
46440
46464
46540
46544
46638
46702
46801
46864
46936
46998
47044
47134
47220
47270
47272
47298
47365
47407
47450
47508
47605
47683
47743
47793
47811
47860
47871
47960
48051
48095
48100
48141
48194
48206
48286
48344
48378
48389
48432
48525
48622
48695
48704
48740
48813
48876
48948
48959
48990
49078
49164
49254
49291
49323
49422
49462
49535
49538
49543
49589
49606
49632
49688
49778
49870
49957
49982
