697
750
791
845
892
942
1030
1116
1136
1173
1176
1179
1216
1220
1244
1331
1342
1412
1427
1524
1596
1624
1715
1717
1780
1844
1885
1900
1995
2013
2021
2101
2104
2158
2204
2209
2268
2310
2400
2434
2456
2463
2474
2498
2575
2629
2633
2661
2746
2814
2908
2974
3063
3110
3173
3272
3278
3325
3348
3422
3454
3472
3503
3591
3682
3766
3865
3908
3932
4013
4069
4115
4211
4303
4361
4373
4379
4445
4534
4537
4547
4615
4648
4652
4733
4799
4838
4896
4910
4993
5024
5053
5096
5106
5132
5202
5244
5312
5354
5401
5458
5504
5594
5628
5639
5697
5716
5802
5873
5929
5931
5999
6035
6132
6137
6232
6237
6269
6284
6299
6387
6402
6432
6467
6481
6560
6631
6650
6710
6787
6873
6915
6939
6988
7030
7089
7169
7187
7285
7381
7407
7460
7532
7551
7636
7651
7711
7755
7790
7813
7832
7931
7945
7961
8045
8056
8093
8180
8221
8243
8323
8357
8415
8490
8521
8605
8646
8658
8751
8823
8828
8846
8905
8993
9031
9069
9097
9110
9143
9179
9225
9321
9340
9433
9523
9622
9686
9771
9819
9824
9881
9973
10026
10065
10141
10225
10316
10410
10436
10515
10550
10583
10674
10758
10772
10786
10835
10921
10967
11044
11134
11136
11167
11213
11311
11408
11444
11458
11552
11647
11725
11799
11819
11837
11918
11949
12025
12069
12091
12171
12237
12280
12300
12337
12396
12440
12538
12601
12647
12740
12801
12858
12862
12937
12972
13071
13129
13211
13287
13319
13398
13454
13545
13640
13730
13755
13834
13933
13956
13989
13992
14016
14017
14039
14047
14085
14112
14142
14187
14196
14201
14250
14324
14332
14368
14410
14474
14480
14578
14649
14723
14811
14908
14941
14983
14991
15023
15080
15111
15207
15304
15353
15356
15417
15429
15444
15447
15485
15531
15547
15645
15679
15730
15734
15785
15820
15861
15953
16012
16046
16133
16190
16257
16333
16360
16389
16462
16522
16622
16663
16751
16837
16858
16953
17009
17061
17092
17147
17205
17287
17335
17357
17446
17501
17511
17546
17601
17638
17672
17750
17839
17894
17941
18032
18101
18184
18202
18263
18342
18442
18456
18465
18497
18552
18652
18677
18718
18747
18805
18815
18839
18860
18950
18970
19035
19134
19209
19306
19317
19377
19444
19520
19564
19637
19648
19714
19719
19767
19830
19926
19938
20033
20105
20167
20237
20264
20299
20388
20452
20529
20564
20624
20677
20692
20716
20801
20807
20846
20934
20942
21001
21019
21111
21157
21237
21259
21335
21373
21436
21499
21572
21654
21733
21734
21800
21896
21983
22004
22095
22109
22158
22181
22229
22262
22352
22407
22473
22487
22525
22561
22640
22707
22722
22743
22841
22848
22868
22924
22976
23048
23069
23125
23175
23178
23242
23274
23289
23361
23418
23508
23550
23622
23705
23719
23740
23786
23858
23862
23959
24021
24036
24096
24149
24186
24271
24332
24352
24434
24488
24583
24673
24742
24780
24862
24914
24983
24997
25090
25140
25184
25249
25263
25297
25368
25401
25471
25550
25582
25647
25689
25765
25780
25819
25843
25919
25955
25962
26050
26118
26195
26244
26279
26299
26373
26457
26460
26513
26530
26626
26670
26697
26698
26705
26805
26834
26915
26958
27052
27082
27147
27198
27254
27343
27397
27407
27445
27476
27533
27610
27703
27735
27742
27831
27874
27878
27913
27949
27983
28066
28100
28120
28153
28204
28272
28340
28369
28381
28438
28531
28544
28614
28666
28704
28726
28814
28907
28983
28984
29069
29157
29199
29226
29305
29327
29334
29392
29471
29506
29598
29694
29722
29747
29808
29866
29909
29988
30026
30075
30157
30222
30225
30309
30327
30344
30439
30456
30508
30597
30643
30730
30754
30764
30856
30955
31049
31110
31170
31240
31261
31301
31391
31451
31542
31634
31690
31703
31781
31847
31865
31877
31886
31936
31942
31992
32057
32118
32216
32276
32354
32376
32467
32475
32535
32619
32638
32684
32711
32769
32832
32877
32977
33005
33020
33054
33066
33101
33132
33208
33263
33308
33379
33399
33460
33503
33596
33680
33710
33758
33828
33867
33871
33915
33958
33976
34050
34123
34128
34130
34164
34240
34242
34261
34308
34386
34480
34489
34577
34618
34710
34737
34755
34800
34832
34915
34939
35025
35029
35107
35131
35152
35215
35258
35269
35275
35307
35386
35476
35493
35521
35536
35571
35641
35696
35716
35803
35807
35888
35973
36026
36107
36162
36233
36311
36315
36400
36491
36539
36628
36725
36798
36884
36938
36963
37015
37060
37061
37100
37192
37281
37375
37439
37516
37554
37627
37629
37666
37728
37813
37818
37853
37908
37963
38013
38081
38114
38194
38231
38311
38321
38354
38365
38411
38449
38451
38462
38502
38508
38585
38623
38645
38648
38682
38771
38773
38844
38847
38871
38877
38967
39012
39053
39148
39232
39303
39350
39359
39378
39432
39453
39479
39547
39580
39610
39668
39702
39785
39797
39839
39915
39950
39988
40062
40130
40159
40192
40282
40293
40386
40393
40488
40579
40669
40677
40730
40781
40845
40882
40956
41032
41112
41205
41249
41263
41302
41332
41419
41488
41557
41569
41598
41673
41762
41860
41890
41928
41932
41958
42042
42064
42133
42152
42225
42325
42329
42414
42482
42525
42622
42656
42685
42727
42781
42879
42938
43002
43079
43124
43133
43172
43229
43283
43377
43423
43458
43516
43518
43533
43548
43565
43657
43669
43764
43795
43810
43825
43857
43873
43886
43894
43963
44041
44138
44229
44287
44333
44355
44429
44514
44614
44638
44666
44672
44705
44800
44809
44835
44904
44959
45000
45017
45089
45132
45181
45182
45207
45281
45283
45343
45432
45454
45530
45609
45614
45707
45714
45766
45856
45883
45968
45986
46064
46065
46069
46090
46102
46107
46134
46138
46172
46266
46360
46453
46529
46618
46696
46741
46823
46920
46934
46976
47049
47060
47093
47177
47196
47214
47275
47305
47325
47411
47423
47425
47472
47540
47623
47692
47762
47860
47936
48012
48098
48107
48162
48209
48258
48297
48395
48442
48470
48492
48505
48543
48639
48701
48780
48799
48814
48857
48923
48926
48960
48985
49061
49095
49129
49171
49185
49210
49271
49337
49371
49378
49384
49418
49484
49559
49582
49672
49698
49712
49800
49895
49921
49994
50046
50074
50097
50181
50211
50290
50367
50383
50451
50546
50572
50578
50676
50753
50841
50937
