255
324
372
450
533
614
632
677
744
789
846
858
907
908
926
965
1065
1157
1235
1305
1397
1415
1489
1569
1639
1733
1749
1824
1832
1866
1947
2004
2037
2094
2136
2139
2151
2184
2252
2289
2343
2408
2414
2434
2498
2505
2522
2619
2688
2744
2749
2762
2773
2784
2858
2868
2888
2953
2967
3033
3039
3113
3176
3191
3192
3253
3347
3408
3444
3450
3527
3602
3698
3718
3749
3844
3927
3941
3984
3989
4073
4154
4194
4252
4310
4391
4415
4427
4521
4602
4671
4691
4713
4798
4895
4949
5028
5044
5090
5121
5196
5258
5336
5372
5459
5518
5556
5629
5682
5706
5803
5832
5858
5909
5957
5991
6033
6037
6104
6175
6227
6254
6353
6437
6502
6601
6612
6672
6688
6710
6782
6817
6915
7005
7074
7150
7245
7275
7313
7397
7404
7473
7477
7539
7587
7641
7729
7784
7874
7960
8008
8060
8093
8187
8282
8327
8364
8418
8458
8475
8523
8588
8662
8729
8797
8893
8898
8989
9016
9098
9104
9163
9245
9289
9381
9463
9493
9591
9680
9761
9772
9856
9912
9997
10012
10030
10075
10156
10205
10263
10363
10408
10419
10469
10524
10562
10612
10648
10698
10727
10772
10777
10855
10935
10984
11073
11120
11158
11221
11316
11349
11386
11436
11478
11560
11601
11627
11713
11755
11850
11866
11939
11954
11968
12025
12114
12202
12299
12349
12432
12489
12503
12597
12692
12714
12800
12805
12860
12916
12962
13002
13025
13082
13175
13219
13251
13264
13273
13350
13397
13468
13507
13560
13643
13656
13742
13778
13854
13899
13974
14030
14113
14135
14162
14230
14259
14318
14351
14389
14420
14486
14524
14560
14624
14722
14771
14793
14858
14930
15023
15060
15107
15200
15247
15319
15398
15463
15487
15586
15606
15692
15775
15869
15889
15968
16022
16077
16138
16173
16221
16306
16374
16467
16514
16516
16564
16610
16632
16725
16742
16763
16776
16847
16886
16953
16966
16978
17002
17022
17087
17138
17236
17274
17371
17399
17420
17465
17503
17559
17591
17624
17656
17700
17753
17825
17888
17965
18004
18049
18084
18125
18209
18298
18316
18343
18420
18473
18564
18619
18719
18807
18898
18995
19091
19118
19151
19159
19169
19269
19295
19350
19398
19453
19477
19574
19636
19662
19712
19750
19850
19937
20012
20079
20177
20206
20210
20242
20248
20261
20336
20351
20395
20473
20545
20631
20694
20702
20748
20765
20777
20820
20896
20991
21083
21122
21168
21193
21213
21299
21368
21401
21423
21457
21490
21515
21561
21594
21668
21679
21761
21771
21776
21793
21882
21965
22056
22113
22206
22247
22335
22340
22369
22413
22424
22456
22506
22539
22636
22657
22701
22738
22795
22886
22963
23023
23075
23147
23208
23260
23262
23350
23355
23406
23407
23503
23529
23606
23663
23708
23733
23747
23814
23821
23914
24006
24069
24145
24168
24262
24302
24379
24420
24506
24509
24605
24646
24701
24706
24754
24853
24950
25039
25137
25142
25169
25172
25183
25212
25241
25306
25373
25408
25485
25551
25650
25672
25738
25814
25873
25950
26031
26065
26154
26242
26307
26355
26422
26513
26608
26688
26751
26824
26878
26909
26984
26999
27061
27131
27142
27159
27237
27268
27303
27304
27394
27485
27535
27593
27672
27705
27787
27874
27974
28067
28100
28125
28183
28188
28267
28350
28409
28473
28513
28574
28593
28693
28788
28863
28941
29014
29104
29157
29242
29321
29379
29446
29450
29474
29567
29568
29611
29677
29734
29760
29798
29839
29906
30003
30036
30039
30133
30177
30275
30350
30426
30501
30524
30588
30628
30650
30703
30778
30789
30813
30832
30887
30949
30976
31007
31058
31061
31150
31242
31270
31309
31401
31477
31499
31593
31647
31735
31832
31898
31970
31993
32049
32137
32217
32241
32309
32387
32411
32452
32500
32511
32525
32565
32617
32716
32728
32788
32815
32879
32932
32950
32976
32979
33073
33164
33175
33213
33253
33298
33336
33396
33486
33523
33530
33613
33677
33702
33798
33841
33908
33958
34041
34048
34068
34105
34198
34222
34234
34297
34391
34433
34449
34452
34542
34543
34626
34639
34640
34700
34769
34797
34845
34865
34923
34960
35055
35070
35092
35153
35231
35287
35307
35386
35388
35488
35566
35647
35678
35742
35815
35823
35826
35854
35895
35920
35951
36021
36036
36046
36050
36056
36128
36200
36205
36232
36326
36378
36380
36447
36547
36640
36676
36694
36743
36828
36840
36896
36992
37009
37100
37176
37214
37241
37279
37302
37395
37452
37485
37581
37597
37625
37651
37712
37779
37867
37891
37952
37967
38041
38091
38140
38169
38172
38240
38253
38304
38375
38412
38440
38480
38526
38550
38569
38647
38747
38842
38926
39024
39079
39089
39117
39160
39240
39250
39257
39304
39329
39349
39431
39527
39613
39618
39621
39666
39691
39763
39776
39800
39891
39961
39974
40072
40111
40186
40242
40275
40282
40310
40322
40410
40507
40606
40636
40708
40731
40755
40765
40806
40880
40959
41011
41016
41062
41153
41180
41277
41281
41346
41392
41420
41457
41552
41553
41557
41561
41604
41650
41693
41728
41740
41789
41879
41951
41986
41999
42020
42054
42098
42175
42176
42213
42272
42282
42370
42373
42411
42457
42521
42592
42621
42698
42771
42799
42831
42885
42927
42941
43017
43055
43056
43086
43118
43148
43239
43279
43375
43398
43474
43559
43626
43645
43672
43726
43813
43844
43898
43956
44026
44102
44178
44200
44217
44275
44364
44462
44471
44479
44556
44646
44678
44692
44743
44765
44834
44914
44964
44965
44977
44990
44991
45064
45079
45115
45160
45167
45240
45255
45333
45422
45461
45503
45516
45607
45610
45706
45726
45822
45917
45973
45983
46047
46142
46155
46214
46221
46226
46293
46347
46413
46478
46495
46552
46590
46661
46747
46846
46927
47015
47061
47098
47160
47192
47251
47329
47357
47455
47475
47505
47601
47632
47664
47719
47741
47824
47921
47980
48046
48115
48124
48223
48252
48320
48407
48414
48425
48478
48551
48640
48683
48732
48743
48760
48783
48861
48925
48983
49068
49146
49205
49213
49301
49369
49456
49543
49599
49629
49704
49792
49866
49948
50036
50117
50134
50216
50258
50262
50316
50371
50454
50553
50591
50634
50690
50745
50839
50884
50939
50953
51045
51117
51130
51212
51214
51291
51383
51426
51457
51474
51481
51484
51498
51591
51659
51668
51696
51783
