243
285
382
463
510
578
599
607
616
666
765
828
835
865
895
929
973
1019
1117
1217
1219
1318
1329
1343
1414
1470
1516
1603
1629
1709
1750
1809
1873
1920
2006
2082
2129
2155
2230
2270
2271
2302
2330
2414
2464
2541
2640
2669
2762
2860
2889
2923
2982
3059
3075
3142
3228
3248
3342
3376
3455
3504
3535
3561
3650
3696
3744
3750
3834
3851
3871
3953
3978
3996
4079
4124
4203
4256
4351
4404
4452
4497
4510
4573
4591
4658
4674
4730
4811
4847
4888
4949
5036
5078
5099
5130
5166
5233
5256
5257
5280
5370
5397
5401
5449
5450
5544
5567
5591
5673
5743
5830
5865
5939
5994
6013
6025
6038
6079
6110
6146
6171
6246
6329
6427
6485
6575
6622
6641
6707
6759
6841
6926
6932
7027
7030
7111
7163
7248
7320
7418
7476
7558
7625
7689
7739
7789
7883
7907
8002
8079
8093
8164
8188
8216
8288
8304
8313
8384
8422
8509
8585
8596
8676
8716
8737
8764
8841
8906
8984
9015
9060
9081
9115
9188
9274
9284
9352
9403
9474
9498
9584
9655
9731
9778
9844
9896
9981
10024
10080
10130
10226
10315
10328
10369
10437
10466
10563
10617
10672
10698
10760
10836
10887
10975
11070
11126
11166
11257
11336
11426
11518
11609
11659
11680
11685
11722
11803
11878
11934
11962
12029
12076
12146
12165
12215
12278
12366
12438
12459
12488
12514
12560
12654
12712
12798
12799
12850
12945
12975
13061
13114
13164
13235
13262
13312
13412
13416
13504
13597
13682
13731
13748
13809
13825
13877
13890
13941
13989
13996
13999
14039
14115
14117
14213
14275
14365
14367
14423
14517
14594
14648
14743
14782
14828
14859
14918
14934
15030
15094
15162
15249
15343
15348
15392
15426
15448
15477
15482
15565
15607
15632
15669
15677
15678
15728
15792
15850
15906
15992
16049
16091
16157
16212
16277
16304
16394
16446
16536
16570
16592
16624
16648
16695
16702
16707
16771
16816
16822
16859
16912
16988
17018
17079
17154
17155
17184
17256
17319
17344
17387
17474
17546
17645
17739
17740
17777
17837
17932
17961
17974
18044
18125
18186
18273
18296
18303
18333
18407
18424
18437
18443
18511
18526
18580
18609
18651
18697
18747
18794
18821
18895
18979
18984
19067
19078
19168
19247
19343
19429
19444
19469
19485
19553
19559
19653
19666
19743
19812
19853
19929
20026
20031
20087
20154
20217
20231
20250
20292
20346
20358
20406
20454
20474
20491
20544
20586
20600
20610
20661
20716
20736
20791
20838
20937
21002
21039
21089
21091
21092
21135
21203
21205
21252
21299
21332
21385
21442
21496
21519
21599
21670
21710
21755
21799
21848
21922
22012
22029
22088
22141
22235
22333
22338
22340
22375
22445
22458
22471
22535
22540
22592
22622
22634
22698
22793
22878
22939
22970
23037
23095
23145
23222
23303
23353
23393
23415
23433
23503
23555
23652
23719
23770
23817
23875
23916
23965
24049
24087
24178
24217
24295
24362
24434
24481
24581
24645
24673
24738
24785
24804
24893
24977
25055
25080
25148
25181
25193
25253
25313
25374
25419
25500
25591
25658
25710
25794
25826
25913
25952
25993
26074
26160
26177
26251
26265
26284
26324
26406
26426
26518
26588
26675
26709
26733
26804
26815
26899
26968
27044
27131
27199
27291
27299
27391
27408
27444
27498
27579
27606
27653
27745
27810
27811
27825
27907
27994
28012
28069
28153
28236
28290
28353
28411
28485
28540
28593
28690
28723
28793
28821
28875
28949
28981
29062
29067
29157
29238
29319
29370
29451
29470
29561
29590
29598
29643
29706
29723
29791
29827
29846
29883
29926
29986
30042
30079
30107
30205
30219
30283
30366
30452
30513
30564
30628
30717
30773
30804
30859
30886
30907
30916
30993
31006
31094
31125
31222
31283
31348
31357
31449
31454
31483
31501
31516
31548
31593
31638
31646
31689
31712
31779
31808
31879
31910
32006
32067
32075
32099
32121
32205
32279
32296
32315
32408
32478
32519
32585
32631
32696
32782
32867
32927
32937
33003
33014
33050
33064
33116
33158
33225
33231
33260
33324
33412
33436
33519
33586
33592
33620
33630
33691
33718
33785
33801
33827
33925
34005
34062
34139
34171
34222
34254
34336
34373
34450
34511
34583
34668
34723
34780
34784
34796
34833
34857
34912
34960
35021
35098
35145
35196
35261
35358
35438
35458
35513
35531
35568
35633
35683
35730
35789
35884
35897
35906
35962
36003
36100
36114
36138
36199
36224
36256
36292
36318
36356
36422
36482
36555
36578
36609
36677
36720
36799
36816
36844
36847
36911
36975
37058
37081
37163
37202
37214
37269
37349
37417
37469
37521
37598
37669
37753
37786
37829
37924
38005
38074
38120
38208
38235
38306
38348
38429
38438
38490
38556
38627
38651
38738
38811
38883
38892
38926
39020
39089
39129
39177
39190
39235
39285
39286
39374
39422
39452
39473
39573
39615
39662
39706
39754
39806
39877
39952
40008
40096
40188
40288
40388
40456
40532
40538
40547
40623
40648
40667
40694
40727
40754
40849
40851
40931
40989
41056
41124
41207
41221
41223
41300
41303
41312
41368
41403
41452
41523
41605
41646
41647
41651
41687
41708
41730
41773
41844
41895
41981
42023
42024
42041
42064
42115
42186
42251
42343
42399
42419
42430
42440
42521
42545
42565
42589
42639
42708
42777
42865
42943
42960
42989
43007
43018
43111
43163
43218
43235
43298
43346
43438
43484
43550
43624
43630
43672
43701
43770
43826
43844
43919
44007
44022
44107
44131
44205
44296
44368
44459
44514
44518
44582
44656
44659
44671
44762
44808
44841
44913
44994
45027
45079
45152
45247
45275
45323
45339
45347
45411
45431
45517
45570
45646
45730
45797
45840
45851
45915
45920
45977
46044
46100
46108
46142
46189
46252
46297
46396
46397
46398
46436
46485
46546
46583
46640
46645
46734
46757
46844
46898
46961
46999
47080
47145
47202
47270
47337
47417
47449
47467
47545
47565
47612
47634
47707
47770
47839
47924
47935
47949
48044
48061
48152
48175
48176
48194
48244
48266
48359
48409
48425
48473
48483
48496
48569
48609
48611
48663
48716
48736
48742
48839
48863
48943
48961
48993
49007
49095
49118
49187
49281
49344
49390
49393
49406
49427
49479
49496
49553
49643
49660
49736
49784
49801
49819
49856
49908
49955
50020
50043
50074
50128
50133
50221
50303
50380
50476
50506
50593
50608
50678
50685
50743
50783
