443
467
556
644
647
722
814
874
929
936
1027
1083
1124
1129
1226
1264
1332
1385
1463
1544
1547
1549
1566
1632
1686
1710
1758
1839
1883
1903
1971
1985
2007
2060
2139
2168
2170
2258
2348
2351
2450
2512
2603
2614
2707
2752
2764
2799
2834
2877
2941
3029
3050
3133
3176
3189
3267
3319
3359
3456
3481
3519
3568
3610
3636
3685
3702
3748
3822
3841
3917
3995
4067
4140
4222
4258
4329
4421
4503
4542
4604
4644
4706
4710
4743
4815
4911
5011
5110
5204
5251
5289
5371
5453
5521
5617
5626
5662
5708
5725
5794
5847
5892
5904
5936
5955
6027
6091
6094
6113
6194
6244
6309
6364
6408
6506
6536
6563
6587
6638
6700
6786
6869
6966
7013
7056
7066
7096
7132
7213
7221
7244
7284
7320
7325
7365
7451
7475
7514
7577
7666
7764
7798
7833
7899
7933
7990
8025
8040
8122
8188
8251
8346
8409
8452
8479
8497
8576
8580
8633
8671
8742
8812
8877
8971
9014
9049
9081
9170
9214
9309
9392
9463
9549
9560
9565
9607
9613
9617
9682
9736
9790
9862
9938
9974
10022
10071
10075
10120
10205
10288
10302
10343
10364
10431
10526
10573
10622
10694
10713
10749
10838
10931
11029
11038
11102
11194
11236
11319
11334
11347
11388
11432
11483
11537
11555
11588
11673
11748
11803
11900
11902
11918
11991
12039
12099
12141
12191
12246
12335
12414
12492
12564
12584
12670
12741
12769
12842
12873
12957
13049
13103
13135
13160
13175
13204
13251
13343
13360
13404
13492
13542
13597
13626
13673
13748
13848
13868
13943
13983
14055
14119
14177
14250
14280
14301
14370
14461
14513
14604
14642
14712
14752
14836
14849
14855
14941
15001
15009
15040
15060
15160
15194
15281
15355
15398
15455
15540
15568
15582
15645
15730
15741
15782
15847
15927
15965
16063
16126
16194
16266
16309
16346
16418
16431
16489
16541
16607
16639
16730
16816
16854
16954
17039
17052
17109
17204
17242
17299
17348
17437
17477
17542
17620
17716
17758
17828
17909
17981
17982
18001
18015
18024
18110
18170
18178
18234
18250
18319
18344
18424
18508
18554
18580
18589
18684
18771
18827
18849
18871
18891
18899
18997
19030
19119
19180
19271
19342
19437
19450
19496
19504
19570
19630
19717
19807
19907
19978
20051
20053
20058
20100
20167
20188
20239
20271
20362
20423
20483
20492
20537
20562
20578
20610
20617
20673
20728
20800
20866
20902
20992
21048
21105
21122
21221
21294
21388
21407
21431
21521
21534
21580
21659
21728
21767
21776
21786
21790
21885
21947
22012
22021
22121
22182
22237
22254
22336
22403
22473
22570
22644
22672
22698
22753
22790
22792
22820
22856
22888
22958
23029
23052
23142
23165
23180
23196
23291
23374
23459
23513
23567
23590
23682
23724
23741
23771
23825
23830
23854
23944
24029
24041
24054
24090
24133
24169
24259
24339
24416
24498
24552
24599
24634
24671
24766
24844
24848
24881
24890
24895
24919
25010
25051
25150
25188
25268
25291
25335
25377
25447
25484
25514
25549
25635
25696
25794
25870
25966
25997
26094
26153
26252
26285
26323
26408
26448
26459
26508
26566
26578
26590
26657
26737
26798
26853
26937
26992
27017
27064
27081
27146
27243
27245
27313
27314
27336
27415
27435
27492
27592
27628
27682
27723
27751
27804
27901
27945
28037
28116
28151
28214
28286
28377
28434
28442
28475
28492
28551
28634
28686
28721
28722
28807
28879
28921
28935
29028
29071
29136
29189
29221
29292
29359
29447
29537
29553
29568
29658
29673
29727
29770
29810
29866
29898
29906
29962
30019
30038
30092
30182
30201
30212
30228
30292
30318
30399
30470
30555
30561
30638
30639
30691
30725
30738
30807
30863
30868
30903
30919
30931
30981
31030
31042
31071
31096
31122
31159
31168
31233
31260
31284
31307
31330
31414
31496
31546
31549
31557
31633
31722
31785
31792
31829
31884
31920
31968
32012
32021
32046
32094
32097
32129
32202
32258
32329
32417
32442
32505
32542
32607
32666
32757
32760
32829
32849
32861
32870
32879
32971
33014
33098
33145
33169
33265
33281
33315
33394
33434
33499
33544
33555
33625
33669
33687
33737
33746
33758
33811
33851
33899
33970
34029
34068
34088
34148
34206
34292
34332
34418
34492
34517
34549
34594
34671
34741
34760
34761
34765
34768
34821
34897
34994
35050
35141
35190
35285
35323
35423
35479
35489
35535
35571
35661
35670
35770
35785
35839
35875
35924
35981
36002
36047
36129
36142
36219
36282
36288
36339
36349
36379
36403
36449
36549
36595
36636
36697
36735
36816
36839
36876
36955
36956
37044
37120
37218
37234
37260
37268
37350
37411
37438
37520
37608
37704
37738
37761
37789
37838
37911
37984
38078
38159
38217
38225
38226
38245
38254
38353
38406
38421
38469
38486
38532
38534
38570
38660
38679
38727
38796
38859
38884
38936
39026
39034
39049
39058
39143
39160
39231
39313
39387
39402
39419
39512
39611
39672
39690
39692
39765
39794
39887
39899
39931
39988
40028
40124
40150
40221
40251
40286
40354
40406
40411
40464
40519
40613
40671
40672
40762
40840
40900
40911
40973
41002
41058
41079
41135
41222
41267
41334
41378
41393
41482
41536
41588
41670
41757
41848
41930
41951
42004
42080
42141
42218
42247
42307
42328
42339
42345
42349
42387
42433
42454
42534
42571
42638
42729
42786
42806
42902
42997
43020
43095
43121
43168
43264
43277
43352
43409
43500
43519
43563
43575
43673
43726
43820
43862
43888
43907
44003
44034
44045
44079
44108
44110
44163
44262
44353
44380
44480
44489
44515
44531
44592
44594
44636
44664
44716
44733
44781
44875
44917
44958
45057
45074
45102
45175
45243
45316
45382
45458
45533
45619
45712
45739
45743
45830
45869
45875
45923
46005
46043
46107
46189
46225
46254
46322
46330
46344
46437
46501
46535
46538
46599
46657
46659
46672
46738
46771
46818
46843
46850
46871
46913
46998
47024
47045
47106
47136
47152
47249
47335
47370
47405
47461
47500
47506
47582
47669
47694
47707
47748
47814
47846
47897
47928
47931
47938
47976
48065
48121
48166
48235
48254
48302
48365
48383
48391
48419
48492
48577
48629
48684
48717
48817
48833
48870
48890
48976
48996
49078
49088
49123
49136
49215
49286
49354
49400
49409
49479
49573
49672
49719
49724
49728
49740
49763
49837
49924
49932
49975
49979
50058
50127
50177
50222
50269
50343
50424
50473
