731
824
861
862
870
963
994
1014
1107
1109
1181
1269
1295
1327
1410
1425
1434
1523
1612
1621
1672
1701
1763
1861
1949
2039
2092
2141
2150
2154
2157
2228
2316
2366
2435
2476
2501
2526
2603
2677
2749
2820
2865
2889
2958
2960
2995
3060
3101
3105
3118
3136
3173
3244
3279
3342
3412
3436
3500
3518
3607
3641
3719
3751
3808
3880
3906
3998
4088
4182
4240
4321
4421
4475
4533
4610
4699
4713
4795
4802
4878
4933
4958
5044
5090
5169
5205
5238
5314
5396
5463
5550
5641
5667
5683
5709
5791
5829
5830
5836
5897
5954
5962
6050
6133
6214
6298
6368
6465
6473
6520
6605
6629
6712
6762
6823
6855
6887
6931
6966
7055
7073
7143
7171
7209
7307
7403
7503
7588
7672
7751
7794
7851
7855
7948
8016
8067
8100
8103
8196
8267
8355
8455
8483
8528
8533
8541
8548
8579
8642
8714
8749
8773
8867
8950
9039
9135
9136
9210
9281
9286
9342
9391
9396
9477
9543
9639
9688
9705
9781
9859
9932
10015
10024
10035
10061
10138
10145
10155
10201
10252
10314
10370
10447
10544
10596
10605
10674
10766
10831
10928
10999
11021
11106
11129
11149
11163
11251
11254
11350
11443
11462
11470
11485
11573
11600
11700
11755
11789
11807
11900
12000
12058
12102
12185
12234
12283
12299
12360
12362
12400
12494
12548
12561
12599
12613
12627
12645
12681
12778
12848
12870
12958
13014
13061
13064
13120
13138
13192
13277
13332
13419
13498
13522
13594
13693
13710
13722
13754
13801
13836
13869
13946
13971
13996
14017
14047
14084
14117
14159
14252
14331
14380
14404
14427
14514
14580
14606
14694
14725
14737
14774
14806
14846
14877
14941
14990
15016
15103
15109
15145
15244
15333
15336
15362
15420
15440
15506
15566
15582
15671
15703
15736
15746
15835
15900
15983
16060
16111
16135
16227
16250
16255
16259
16336
16384
16459
16523
16553
16632
16723
16823
16833
16837
16873
16898
16935
16984
16994
17050
17100
17163
17227
17281
17323
17361
17374
17444
17526
17618
17620
17663
17748
17843
17901
17947
18031
18103
18174
18273
18324
18385
18401
18436
18529
18572
18576
18634
18681
18709
18774
18864
18957
19028
19116
19185
19221
19311
19376
19386
19423
19497
19567
19587
19650
19730
19789
19888
19978
20021
20036
20064
20148
20220
20273
20310
20325
20329
20420
20454
20506
20558
20649
20718
20815
20852
20919
21004
21036
21119
21174
21221
21268
21321
21409
21455
21483
21537
21626
21650
21720
21729
21810
21861
21894
21985
22044
22141
22234
22331
22343
22388
22453
22461
22522
22561
22633
22676
22679
22708
22786
22869
22890
22905
22919
22955
23044
23061
23150
23160
23250
23259
23334
23434
23474
23514
23604
23655
23676
23683
23771
23845
23920
23971
24040
24060
24138
24186
24249
24272
24361
24413
24447
24534
24623
24714
24813
24828
24845
24940
25038
25137
25172
25235
25322
25327
25399
25447
25490
25500
25556
25563
25605
25626
25668
25671
25729
25787
25811
25850
25916
25963
26004
26045
26125
26215
26252
26260
26273
26309
26336
26424
26456
26460
26559
26651
26674
26752
26804
26888
26936
26973
27046
27085
27104
27158
27181
27273
27329
27411
27465
27496
27592
27625
27648
27686
27726
27823
27825
27921
27998
28027
28042
28102
28160
28240
28316
28387
28444
28534
28548
28580
28596
28660
28722
28730
28824
28827
28866
28962
28996
29027
29069
29081
29151
29162
29258
29346
29352
29394
29443
29526
29536
29577
29610
29626
29659
29670
29679
29732
29779
29782
29812
29826
29856
29920
29932
30024
30060
30135
30223
30259
30346
30415
30427
30493
30533
30554
30648
30703
30733
30832
30850
30907
30969
30986
30996
31071
31164
31222
31273
31357
31455
31489
31572
31655
31672
31676
31747
31790
31838
31847
31902
31974
31979
32042
32058
32065
32152
32228
32255
32306
32364
32438
32535
32611
32683
32717
32765
32837
32845
32876
32971
32992
33013
33072
33166
33266
33357
33455
33468
33486
33544
33643
33743
33819
33896
33897
33979
34017
34070
34074
34109
34126
34193
34226
34323
34401
34465
34511
34569
34647
34723
34789
34825
34923
34961
35061
35121
35148
35183
35196
35292
35302
35352
35401
35433
35526
35549
35585
35663
35733
35761
35801
35885
35958
35997
36087
36103
36175
36238
36297
36338
36342
36352
36357
36445
36486
36536
36599
36620
36704
36779
36863
36939
36964
36977
37054
37065
37111
37194
37227
37269
37278
37299
37357
37399
37470
37505
37542
37549
37573
37593
37655
37747
37817
37856
37879
37966
38061
38079
38179
38256
38319
38323
38341
38420
38436
38522
38526
38592
38663
38760
38763
38823
38829
38863
38939
39035
39108
39151
39192
39208
39303
39324
39356
39380
39461
39467
39548
39643
39679
39725
39776
39868
39916
39950
39990
40035
40039
40139
40238
40305
40373
40374
40452
40524
40622
40624
40652
40723
40755
40855
40881
40956
41017
41068
41124
41200
41239
41268
41270
41271
41343
41349
41362
41384
41421
41460
41522
41579
41639
41667
41743
41781
41837
41903
41955
42040
42069
42077
42099
42171
42240
42301
42358
42371
42454
42474
42574
42665
42720
42786
42862
42882
42976
43045
43108
43123
43151
43235
43322
43365
43366
43437
43456
43462
43537
43620
43699
43738
43799
43836
43866
43884
43888
43987
44004
44027
44103
44188
44238
44305
44390
44405
44504
44513
44529
44533
44537
44630
44650
44714
44753
44774
44845
44904
44929
44939
44970
45051
45139
45190
45258
45334
45404
45497
45511
45512
45596
45658
45726
45793
45806
45885
45903
45931
45993
46076
46166
46226
46323
46414
46493
46588
46658
46683
46716
46769
46780
46806
46817
46895
46927
46987
47054
47059
47104
47170
47224
47286
47378
47405
47487
47551
47622
47720
47780
47795
47842
47844
47917
47950
48030
48032
48053
48069
48154
48205
48298
48311
48318
48388
48431
48455
48484
48558
48585
48605
48657
48752
48809
48871
48919
48954
49040
49060
49130
49223
49299
49369
49469
49542
49557
49561
49571
49668
49765
49775
49869
49918
50018
50110
50131
50199
50229
50312
50316
50343
50441
50460
50468
50509
50531
50626
50670
50749
50827
50852
50915
50974
50989
51029
51050
51130
51197
51254
51304
51357
51418
51482
51526
51620
51663
51682
51782
51837
51857
51935
51950
52046
52119
52158
52173
52237
52307
52381
52391
52479
52484
