226
319
392
409
467
558
644
647
721
819
866
948
959
1027
1084
1096
1110
1199
1299
1318
1349
1359
1418
1509
1578
1602
1672
1751
1788
1877
1914
1950
2009
2056
2130
2162
2213
2262
2287
2369
2395
2475
2507
2579
2667
2694
2709
2712
2779
2801
2877
2930
3021
3102
3112
3191
3286
3376
3396
3451
3461
3503
3521
3575
3628
3632
3638
3719
3770
3811
3885
3906
3971
4043
4126
4144
4226
4256
4317
4344
4376
4471
4567
4659
4708
4758
4807
4849
4850
4895
4935
4961
5027
5126
5194
5209
5263
5341
5351
5405
5448
5537
5609
5688
5696
5775
5807
5884
5957
5967
6024
6038
6101
6136
6178
6213
6288
6295
6344
6384
6392
6455
6499
6501
6510
6511
6610
6657
6749
6767
6837
6920
7002
7101
7179
7217
7275
7283
7360
7405
7486
7551
7567
7643
7686
7756
7793
7861
7896
7953
8043
8057
8063
8090
8169
8269
8334
8363
8447
8477
8545
8626
8661
8722
8778
8791
8802
8807
8846
8877
8878
8922
9016
9091
9102
9127
9136
9181
9265
9284
9287
9372
9394
9477
9500
9542
9617
9642
9665
9756
9784
9804
9832
9923
10000
10010
10061
10121
10220
10262
10289
10371
10439
10454
10493
10511
10584
10680
10757
10760
10852
10884
10958
10991
11062
11093
11130
11200
11248
11294
11357
11370
11427
11511
11519
11593
11620
11703
11763
11824
11825
11868
11940
12024
12107
12196
12272
12303
12400
12415
12487
12524
12536
12564
12632
12682
12704
12788
12881
12897
12936
12984
13018
13105
13124
13209
13260
13317
13327
13354
13364
13376
13463
13478
13498
13507
13575
13590
13654
13664
13670
13683
13775
13782
13806
13833
13907
13985
14006
14074
14156
14176
14240
14253
14278
14370
14447
14505
14575
14593
14610
14707
14728
14738
14758
14849
14867
14955
15049
15138
15205
15229
15306
15367
15428
15450
15478
15575
15615
15677
15715
15764
15792
15867
15868
15942
15956
16050
16077
16081
16128
16195
16214
16306
16328
16422
16428
16459
16533
16610
16634
16639
16702
16732
16810
16870
16906
16969
17008
17035
17081
17149
17181
17207
17293
17384
17435
17440
17443
17445
17500
17565
17617
17621
17688
17706
17720
17777
17805
17831
17838
17913
17937
17960
17992
18006
18063
18075
18105
18194
18232
18320
18379
18382
18476
18545
18571
18589
18687
18770
18800
18856
18927
18986
19001
19024
19124
19193
19252
19283
19289
19365
19449
19537
19582
19620
19706
19721
19754
19847
19860
19897
19987
20028
20050
20134
20165
20198
20243
20266
20324
20350
20416
20482
20520
20521
20587
20660
20738
20821
20862
20894
20902
20989
21063
21081
21160
21200
21223
21227
21294
21316
21376
21431
21490
21530
21550
21614
21689
21779
21829
21878
21958
21998
22093
22179
22183
22199
22283
22314
22360
22382
22426
22514
22576
22657
22694
22707
22708
22749
22780
22862
22883
22889
22945
22983
23051
23089
23154
23204
23210
23302
23323
23385
23446
23512
23543
23598
23672
23727
23819
23861
23909
23991
24026
24122
24142
24166
24220
24274
24344
24361
24452
24453
24523
24555
24627
24699
24741
24837
24852
24904
24987
25029
25107
25171
25212
25251
25270
25321
25337
25434
25479
25500
25532
25557
25583
25675
25680
25715
25716
25727
25763
25827
25899
25962
26032
26122
26164
26226
26302
26322
26357
26423
26521
26617
26643
26648
26691
26695
26738
26835
26887
26909
26959
26961
27058
27125
27166
27223
27319
27359
27411
27504
27529
27580
27634
27717
27808
27809
27882
27921
28003
28087
28128
28200
28232
28251
28300
28322
28387
28460
28487
28584
28615
28689
28710
28749
28768
28791
28805
28853
28914
28930
28973
29043
29072
29112
29138
29187
29204
29266
29311
29351
29385
29446
29484
29524
29559
29582
29592
29656
29666
29707
29781
29819
29843
29856
29914
29966
29994
30008
30090
30146
30201
30296
30335
30384
30414
30430
30443
30448
30545
30586
30613
30695
30769
30794
30851
30928
30949
31000
31039
31099
31149
31194
31207
31241
31315
31343
31346
31402
31408
31416
31422
31480
31578
31627
31713
31804
31851
31907
31990
32069
32107
32120
32145
32217
32313
32397
32486
32574
32649
32672
32740
32774
32872
32927
32993
33012
33090
33159
33183
33271
33329
33359
33442
33446
33463
33556
33629
33655
33710
33771
33850
33868
33874
33916
34008
34066
34162
34190
34226
34276
34308
34366
34372
34404
34421
34429
34492
34501
34570
34586
34643
34699
34786
34841
34889
34960
34992
35026
35104
35171
35231
35293
35354
35445
35454
35541
35600
35616
35642
35709
35765
35825
35910
35936
35978
36078
36086
36181
36211
36238
36283
36297
36344
36350
36381
36437
36440
36499
36504
36508
36522
36535
36556
36607
36646
36657
36672
36693
36748
36782
36818
36854
36944
36982
37061
37080
37129
37211
37214
37217
37262
37347
37406
37489
37517
37585
37645
37669
37697
37779
37835
37839
37867
37932
38007
38029
38078
38167
38232
38315
38384
38385
38476
38532
38569
38585
38619
38641
38678
38683
38764
38780
38801
38861
38919
38959
39017
39045
39081
39158
39207
39257
39260
39285
39337
39360
39391
39484
39490
39509
39535
39559
39577
39643
39682
39719
39773
39781
39854
39882
39914
39998
40062
40103
40171
40179
40261
40307
40380
40456
40484
40565
40580
40641
40728
40795
40882
40891
40931
40962
41042
41049
41119
41207
41208
41280
41319
41330
41384
41453
41532
41620
41688
41702
41730
41778
41839
41855
41878
41914
41934
41952
41961
42055
42115
42211
42251
42297
42303
42315
42375
42383
42424
42457
42552
42573
42625
42678
42758
42780
42839
42867
42882
42886
42958
43015
43067
43098
43166
43220
43311
43333
43429
43525
43598
43646
43699
43724
43816
43872
43884
43958
43973
44060
44151
44216
44234
44279
44310
44350
44448
44528
44610
44616
44668
44729
44788
44791
44866
44960
44970
45056
45130
45206
45208
45288
45373
45448
45517
45547
45583
45643
45736
45801
45873
45922
46020
46034
46045
46070
46108
46158
46163
46255
46285
46297
46315
46373
46434
46453
46505
46531
46537
46608
46701
46717
46798
46876
46905
46926
46964
46968
47047
47081
47109
47152
47238
47331
47342
47356
47417
47491
47507
47548
47608
47691
47702
47795
47844
47881
47923
47998
48088
48176
48211
48213
48283
48302
48382
48422
48471
48547
48564
48630
48724
48807
