29
96
164
174
208
269
280
333
371
416
484
561
640
685
726
779
834
908
933
980
993
1004
1092
1179
1207
1211
1265
1285
1348
1433
1487
1576
1641
1737
1824
1909
1975
2016
2036
2045
2090
2158
2223
2239
2318
2334
2417
2472
2561
2646
2675
2719
2789
2810
2873
2927
2953
3044
3119
3165
3234
3247
3249
3347
3392
3428
3513
3569
3593
3594
3630
3726
3818
3899
3992
4079
4156
4197
4244
4253
4264
4319
4369
4424
4450
4549
4581
4586
4655
4728
4785
4808
4858
4940
4971
5021
5108
5137
5169
5245
5345
5440
5469
5509
5595
5619
5634
5673
5684
5732
5738
5782
5831
5896
5941
5995
6075
6099
6153
6229
6244
6286
6343
6403
6437
6509
6562
6631
6676
6697
6781
6814
6884
6948
6967
7034
7088
7163
7198
7275
7367
7450
7517
7569
7631
7661
7748
7834
7920
8018
8034
8047
8058
8110
8136
8174
8227
8277
8321
8403
8465
8480
8494
8584
8612
8706
8746
8749
8798
8894
8929
9001
9057
9095
9098
9190
9279
9369
9447
9450
9511
9605
9690
9719
9818
9863
9891
9957
9969
10057
10141
10145
10158
10220
10240
10292
10385
10453
10497
10505
10581
10681
10707
10797
10838
10884
10952
11023
11034
11054
11130
11137
11229
11260
11285
11305
11394
11413
11487
11518
11589
11620
11630
11728
11730
11773
11776
11789
11874
11895
11990
12031
12127
12206
12288
12336
12375
12382
12386
12474
12501
12521
12583
12632
12657
12736
12804
12903
12954
13032
13127
13137
13177
13233
13235
13253
13332
13347
13352
13388
13465
13551
13649
13724
13754
13780
13859
13915
13938
13979
14059
14151
14229
14272
14345
14347
14441
14446
14522
14530
14563
14656
14710
14730
14741
14782
14880
14974
15006
15059
15079
15087
15107
15205
15211
15232
15329
15385
15444
15518
15614
15694
15757
15809
15871
15913
16002
16097
16111
16158
16174
16179
16254
16336
16340
16412
16456
16556
16622
16715
16732
16750
16761
16833
16921
16972
16984
17010
17050
17084
17096
17180
17233
17239
17282
17326
17359
17369
17402
17422
17505
17560
17610
17707
17746
17776
17839
17902
17921
17991
18002
18069
18167
18218
18248
18333
18403
18432
18437
18469
18526
18551
18584
18673
18750
18820
18849
18908
18923
18941
18943
19037
19070
19095
19165
19170
19193
19237
19251
19268
19324
19402
19431
19499
19533
19633
19692
19724
19768
19819
19825
19832
19854
19908
19930
20024
20060
20129
20192
20272
20323
20379
20458
20498
20538
20568
20640
20683
20703
20715
20745
20832
20881
20913
20981
21005
21023
21116
21215
21303
21362
21401
21405
21438
21518
21527
21529
21559
21659
21734
21764
21788
21832
21909
21972
22026
22033
22115
22126
22172
22191
22219
22319
22357
22371
22406
22459
22549
22591
22643
22716
22749
22844
22935
22993
23018
23089
23137
23170
23211
23297
23362
23383
23404
23489
23514
23519
23600
23693
23754
23828
23919
23933
24001
24042
24048
24074
24143
24185
24218
24273
24319
24399
24478
24576
24598
24604
24626
24693
24726
24743
24819
24879
24889
24917
24972
25013
25101
25163
25242
25270
25304
25309
25388
25419
25443
25475
25540
25592
25658
25701
25785
25838
25919
25968
25996
26026
26028
26094
26156
26255
26355
26373
26384
26437
26505
26575
26607
26678
26711
26810
26883
26889
26908
26938
27009
27093
27143
27164
27227
27269
27316
27416
27480
27554
27615
27634
27677
27714
27778
27819
27823
27914
27920
27987
28046
28144
28224
28304
28327
28349
28447
28464
28516
28578
28630
28661
28704
28797
28858
28947
28992
29088
29153
29155
29202
29265
29285
29325
29355
29389
29477
29562
29658
29716
29746
29830
29834
29888
29937
29969
30045
30128
30219
30249
30280
30286
30316
30386
30427
30522
30581
30654
30735
30793
30864
30887
30915
30923
31006
31079
31108
31187
31273
31348
31396
31418
31471
31516
31560
31620
31692
31778
31825
31900
31987
32037
32091
32136
32185
32213
32301
32325
32336
32373
32403
32491
32492
32509
32603
32623
32704
32721
32747
32838
32887
32973
32990
33039
33124
33176
33202
33207
33263
33266
33336
33409
33447
33508
33599
33659
33755
33852
33879
33975
34056
34062
34138
34171
34255
34343
34398
34428
34437
34457
34510
34513
34552
34569
34656
34712
34756
34834
34882
34953
35024
35124
35200
35220
35291
35386
35483
35506
35558
35613
35618
35713
35783
35792
35802
35859
35871
35900
35922
35950
36045
36133
36158
36227
36289
36303
36372
36471
36483
36538
36595
36617
36711
36797
36814
36870
36968
37066
37088
37155
37157
37257
37342
37343
37397
37402
37468
37488
37546
37557
37584
37656
37715
37803
37813
37851
37891
37958
37970
38004
38011
38021
38032
38036
38130
38164
38213
38257
38315
38384
38413
38492
38583
38654
38750
38774
38813
38818
38906
38993
39092
39174
39273
39310
39338
39399
39429
39478
39493
39516
39558
39616
39693
39782
39829
39840
39904
39910
39913
40003
40046
40099
40169
40176
40239
40291
40343
40368
40384
40431
40491
40516
40532
40539
40616
40618
40706
40805
40851
40893
40953
41035
41098
41184
41283
41341
41422
41488
41558
41588
41672
41678
41733
41829
41913
41968
42030
42036
42053
42056
42061
42077
42146
42197
42247
42287
42329
42401
42477
42494
42565
42580
42590
42667
42750
42759
42813
42841
42916
43001
43005
43084
43137
43196
43234
43287
43352
43402
43403
43447
43501
43570
43579
43618
43626
43635
43708
43803
43810
43819
43835
43880
43953
43959
44012
44064
44141
44210
44247
44252
44345
44445
44501
44596
44692
44714
44761
44849
44933
45027
45124
45174
45254
45302
45344
45427
45493
45515
45532
45575
45654
45742
45797
45803
45820
45901
45937
46019
46047
46080
46171
46266
46276
46337
46404
46421
46488
46544
46576
46636
46729
46817
46906
46995
47087
47103
47177
47217
47276
47331
47405
47479
47572
47612
47674
47762
47805
47830
47889
47907
47944
47972
47984
48054
48072
48139
48176
48258
48265
48280
48376
48472
48559
48573
48596
48641
48666
48753
48786
48863
48868
48929
48939
48994
49046
49145
49209
49244
49303
49323
49382
49399
49492
49495
49570
49583
49631
49669
49739
49811
49850
49897
49912
49980
49992
50084
50120
50211
50232
50306
50327
50357
50444
50504
50572
50612
50698
50788
50862
50958
51054
51106
51125
51131
51193
