725
821
844
914
942
955
957
1000
1017
1066
1101
1128
1198
1290
1354
1370
1396
1472
1493
1558
1597
1635
1690
1728
1807
1880
1935
1951
2044
2071
2115
2123
2175
2266
2313
2408
2465
2538
2584
2618
2630
2717
2752
2768
2855
2858
2943
3024
3040
3104
3185
3263
3273
3300
3321
3376
3380
3389
3478
3501
3508
3546
3646
3685
3714
3760
3846
3851
3941
3993
4083
4169
4192
4260
4322
4327
4362
4424
4471
4520
4540
4640
4642
4648
4746
4793
4863
4901
4988
5073
5133
5181
5190
5240
5308
5360
5421
5513
5572
5670
5763
5804
5876
5951
6041
6133
6138
6238
6305
6375
6455
6460
6534
6545
6613
6710
6724
6810
6907
6962
7044
7055
7103
7171
7217
7238
7286
7360
7449
7451
7528
7554
7588
7616
7691
7766
7848
7927
7995
8041
8053
8105
8113
8117
8180
8260
8305
8390
8489
8513
8598
8617
8706
8748
8823
8876
8916
8930
8969
8978
9063
9120
9130
9150
9209
9244
9322
9391
9441
9459
9552
9603
9634
9671
9753
9852
9926
9940
9980
10075
10156
10162
10233
10287
10322
10397
10416
10422
10461
10502
10573
10650
10673
10728
10768
10800
10900
10962
10996
11029
11043
11140
11143
11240
11303
11315
11402
11460
11541
11542
11621
11664
11669
11766
11854
11855
11921
11962
12001
12026
12112
12165
12171
12172
12231
12271
12342
12433
12515
12535
12568
12660
12668
12754
12819
12879
12884
12960
13057
13141
13219
13263
13281
13309
13358
13403
13476
13556
13616
13664
13724
13752
13820
13892
13987
14054
14090
14138
14237
14291
14370
14420
14507
14573
14673
14674
14723
14796
14817
14880
14893
14964
15033
15047
15110
15150
15212
15220
15296
15389
15447
15468
15551
15587
15680
15692
15713
15730
15780
15795
15890
15929
15979
16071
16152
16208
16287
16384
16433
16460
16473
16480
16547
16594
16605
16638
16669
16702
16792
16854
16864
16952
16998
16999
17046
17124
17195
17232
17263
17289
17341
17347
17366
17416
17483
17558
17567
17636
17731
17745
17749
17822
17828
17897
17974
17985
17986
18081
18132
18137
18180
18190
18275
18300
18383
18473
18549
18601
18618
18702
18788
18835
18908
18960
18996
19066
19077
19157
19160
19237
19239
19250
19261
19349
19446
19453
19478
19512
19519
19531
19538
19581
19601
19609
19666
19677
19678
19748
19749
19763
19812
19898
19980
20079
20109
20132
20224
20275
20337
20360
20444
20497
20590
20630
20690
20734
20741
20803
20871
20927
20948
21004
21028
21049
21066
21137
21206
21256
21273
21290
21353
21452
21531
21613
21701
21799
21801
21860
21928
22001
22020
22056
22141
22204
22211
22237
22294
22321
22348
22380
22480
22516
22528
22615
22682
22741
22831
22877
22916
22943
23024
23107
23108
23127
23178
23235
23254
23317
23338
23394
23406
23467
23468
23531
23619
23661
23684
23723
23766
23791
23803
23826
23863
23876
23946
23964
24043
24092
24112
24211
24310
24379
24424
24426
24488
24514
24520
24582
24603
24611
24612
24628
24698
24737
24780
24792
24824
24866
24925
24943
24979
25005
25100
25153
25248
25297
25362
25462
25500
25516
25590
25601
25652
25667
25759
25852
25863
25910
25952
26002
26079
26084
26152
26226
26260
26298
26358
26422
26507
26607
26626
26700
26742
26806
26884
26968
27056
27078
27090
27094
27140
27162
27241
27329
27386
27403
27496
27593
27596
27609
27703
27789
27863
27951
27973
27989
28081
28104
28116
28156
28177
28193
28280
28283
28321
28347
28366
28421
28426
28483
28582
28661
28690
28721
28756
28854
28950
29009
29076
29113
29194
29212
29285
29321
29351
29405
29480
29491
29494
29576
29584
29623
29676
29745
29800
29830
29873
29951
30039
30099
30154
30242
30342
30387
30414
30457
30524
30573
30597
30676
30725
30822
30900
30935
30945
30982
31060
31139
31214
31260
31302
31378
31407
31488
31541
31598
31638
31728
31806
31885
31963
31974
32061
32102
32164
32186
32283
32363
32412
32441
32449
32469
32534
32600
32666
32709
32755
32847
32912
32925
32994
33049
33090
33105
33109
33175
33220
33258
33269
33352
33376
33393
33474
33475
33529
33530
33598
33610
33681
33780
33848
33912
33981
34032
34112
34167
34260
34323
34334
34363
34413
34468
34503
34520
34578
34646
34684
34763
34860
34883
34964
35018
35094
35147
35211
35223
35241
35256
35291
35297
35385
35402
35449
35512
35611
35639
35688
35698
35745
35828
35926
35979
35997
36039
36043
36107
36151
36185
36245
36292
36324
36337
36388
36439
36515
36584
36645
36730
36805
36866
36894
36922
36927
36931
37030
37067
37165
37226
37240
37292
37368
37386
37406
37451
37538
37602
37651
37705
37732
37777
37828
37829
37885
37904
37943
37986
38064
38084
38184
38231
38294
38311
38312
38387
38479
38505
38562
38617
38627
38717
38800
38813
38891
38948
38971
38973
39002
39007
39101
39110
39193
39206
39234
39272
39294
39316
39405
39419
39508
39580
39644
39661
39757
39821
39857
39902
39906
39947
39979
40048
40054
40090
40092
40148
40236
40302
40399
40478
40518
40602
40604
40608
40628
40651
40712
40767
40853
40898
40909
40935
40951
40987
41044
41141
41164
41165
41183
41229
41314
41383
41477
41479
41539
41583
41590
41658
41675
41725
41799
41801
41864
41887
41936
41963
42037
42090
42180
42191
42238
42325
42424
42458
42521
42522
42570
42603
42609
42664
42764
42782
42814
42825
42831
42860
42917
42976
43025
43042
43104
43194
43268
43341
43370
43450
43505
43594
43601
43631
43685
43743
43798
43815
43848
43860
43929
43983
44067
44075
44144
44155
44169
44170
44205
44265
44336
44350
44360
44394
44480
44492
44589
44661
44707
44741
44768
44806
44831
44858
44870
44885
44905
44911
44982
45047
45090
45135
45156
45188
45277
45326
45360
45375
45422
45444
45470
45493
45560
45613
45620
45622
45683
45774
45854
45862
45920
45989
46019
46068
46109
46113
46139
46199
46282
46314
46349
46408
46490
46497
46591
46617
46687
46701
46754
46764
46844
46901
46962
47060
47095
47121
47150
47200
47218
47246
47247
47320
47415
47430
47490
47543
47569
47635
47696
47719
47801
47837
47873
47939
47952
48017
48109
48110
48121
48153
48170
48178
48217
48246
48264
48313
48332
48416
48429
48435
48481
48484
48547
48587
48594
48673
48760
48835
48842
48877
48923
48935
49021
49108
49118
49158
