400
445
462
526
604
684
750
842
910
931
1000
1061
1138
1229
1297
1301
1325
1424
1442
1534
1544
1553
1641
1696
1707
1751
1811
1899
1923
2017
2031
2087
2090
2171
2248
2312
2321
2369
2410
2464
2562
2593
2610
2637
2691
2750
2822
2902
2980
3028
3122
3161
3216
3260
3320
3336
3342
3382
3388
3466
3487
3532
3540
3602
3665
3762
3807
3823
3869
3896
3960
3995
4080
4178
4274
4286
4328
4420
4463
4495
4521
4563
4580
4607
4634
4650
4692
4755
4778
4851
4904
4973
5029
5119
5134
5144
5197
5246
5341
5418
5481
5569
5594
5600
5641
5690
5714
5727
5787
5872
5970
6057
6073
6077
6088
6103
6175
6213
6283
6373
6463
6491
6502
6569
6629
6667
6751
6815
6864
6884
6942
7013
7084
7137
7231
7300
7367
7419
7514
7597
7674
7756
7797
7892
7990
8028
8096
8169
8243
8305
8383
8431
8507
8510
8564
8582
8586
8667
8738
8771
8825
8895
8915
9004
9090
9105
9168
9211
9284
9320
9327
9371
9392
9459
9551
9600
9607
9686
9780
9782
9864
9918
9942
9962
10023
10112
10141
10173
10229
10250
10307
10404
10496
10583
10612
10707
10737
10765
10822
10828
10918
11015
11055
11144
11197
11293
11325
11330
11414
11472
11485
11562
11629
11634
11639
11718
11774
11836
11883
11905
11967
12001
12044
12074
12147
12178
12250
12289
12311
12380
12427
12468
12566
12615
12703
12716
12802
12895
12982
13051
13137
13223
13280
13338
13360
13460
13474
13570
13585
13685
13708
13736
13774
13818
13879
13978
14056
14099
14195
14197
14247
14261
14290
14336
14363
14422
14505
14529
14565
14578
14656
14669
14696
14774
14789
14803
14832
14859
14948
15032
15112
15122
15150
15202
15279
15344
15351
15401
15447
15467
15519
15520
15525
15568
15592
15608
15670
15704
15770
15800
15852
15880
15933
15974
16058
16076
16162
16197
16225
16284
16372
16384
16482
16496
16512
16606
16657
16739
16836
16880
16928
16987
17047
17067
17151
17193
17224
17251
17296
17320
17335
17417
17448
17497
17537
17553
17611
17690
17739
17744
17801
17833
17910
18010
18041
18066
18102
18181
18213
18236
18330
18425
18488
18548
18624
18637
18727
18760
18828
18912
18997
19019
19077
19139
19152
19201
19228
19259
19358
19451
19469
19489
19563
19566
19627
19651
19694
19771
19847
19908
19955
20034
20111
20156
20224
20315
20393
20409
20491
20574
20596
20670
20672
20737
20757
20820
20845
20853
20891
20970
21039
21080
21153
21207
21257
21294
21303
21311
21396
21403
21460
21481
21504
21574
21586
21652
21723
21741
21782
21865
21870
21891
21935
21964
22021
22084
22109
22178
22271
22316
22392
22399
22422
22482
22535
22545
22564
22663
22749
22844
22852
22942
23013
23057
23059
23087
23144
23240
23285
23332
23427
23440
23459
23464
23480
23521
23564
23572
23609
23683
23774
23871
23911
23989
24045
24107
24180
24254
24347
24431
24491
24510
24598
24673
24716
24802
24894
24896
24990
25038
25108
25155
25250
25294
25323
25350
25368
25410
25438
25521
25603
25694
25713
25727
25732
25796
25797
25886
25957
25964
26053
26073
26110
26195
26248
26343
26358
26366
26412
26422
26453
26507
26551
26582
26612
26661
26695
26745
26843
26846
26877
26916
26991
27018
27053
27067
27133
27173
27261
27295
27326
27393
27433
27474
27499
27597
27637
27731
27782
27801
27836
27843
27934
28026
28058
28157
28222
28265
28314
28387
28426
28451
28492
28519
28559
28591
28604
28630
28726
28761
28820
28833
28906
28999
29067
29115
29156
29249
29286
29302
29364
29393
29440
29471
29548
29637
29703
29711
29754
29834
29901
29999
30053
30143
30163
30195
30242
30316
30355
30398
30438
30492
30542
30607
30695
30762
30814
30822
30852
30884
30896
30983
31039
31094
31166
31255
31352
31409
31430
31472
31492
31554
31628
31654
31736
31836
31916
32005
32072
32106
32193
32243
32331
32347
32394
32440
32516
32525
32537
32589
32644
32686
32724
32742
32814
32840
32864
32877
32930
32955
33014
33097
33160
33257
33261
33301
33368
33386
33445
33464
33505
33578
33674
33701
33749
33826
33859
33935
33970
34042
34134
34145
34227
34318
34393
34480
34529
34585
34616
34708
34757
34775
34842
34928
34940
35018
35072
35151
35166
35228
35313
35371
35445
35522
35601
35692
35768
35848
35934
35963
36032
36097
36135
36142
36155
36178
36247
36278
36284
36318
36336
36421
36520
36522
36606
36697
36714
36791
36875
36921
36998
37061
37123
37159
37251
37260
37355
37379
37455
37463
37503
37513
37580
37655
37721
37783
37790
37832
37884
37916
37938
38000
38057
38059
38097
38183
38201
38205
38274
38331
38349
38363
38409
38415
38437
38512
38606
38695
38768
38857
38917
38992
39089
39141
39177
39261
39284
39345
39440
39451
39540
39546
39586
39612
39700
39717
39728
39800
39835
39837
39843
39858
39884
39941
39973
40073
40078
40149
40174
40239
40240
40263
40290
40300
40314
40355
40425
40432
40521
40590
40636
40640
40703
40781
40841
40923
40926
41015
41111
41146
41152
41240
41265
41328
41420
41433
41470
41483
41492
41553
41555
41570
41663
41720
41732
41744
41826
41857
41879
41920
41981
42049
42074
42159
42237
42299
42353
42367
42393
42459
42492
42558
42595
42630
42631
42702
42753
42768
42857
42887
42904
42938
42984
43006
43105
43171
43199
43233
43323
43340
43417
43448
43458
43474
43515
43575
43638
43738
43776
43864
43869
43946
44012
44049
44138
44204
44207
44279
44280
44307
44356
44365
44389
44443
44530
44599
44692
44716
44747
44778
44830
44907
44916
45014
45095
45152
45189
45207
45215
45264
45335
45401
45419
45452
45542
45566
45586
45621
45671
45679
45698
45783
45817
45912
45966
45987
46079
46080
46172
46207
46237
46280
46377
46394
46403
46484
46536
46583
46654
46748
46789
46889
46891
46959
47010
47039
47097
47184
47254
47312
47319
47387
47417
47501
47538
47588
47610
47623
47672
47710
47764
47843
47927
47981
48071
48092
48179
48268
48350
48441
48528
48547
48618
48649
48732
48773
48790
48793
48803
48841
48917
48949
48974
48975
48999
49036
49097
49191
49286
49289
49357
49409
49468
49488
49523
49606
49627
49658
49747
49772
49786
49800
49874
49932
50006
50095
50177
50230
50298
50384
50429
50462
50561
50586
50606
50615
50646
50693
50705
50797
