377
468
546
637
720
781
789
885
958
1032
1098
1170
1258
1318
1404
1452
1517
1532
1602
1647
1736
1829
1888
1928
1973
2047
2096
2124
2184
2253
2319
2334
2380
2426
2479
2555
2572
2647
2747
2844
2851
2925
2939
3019
3057
3153
3179
3211
3291
3296
3365
3460
3553
3610
3622
3667
3677
3761
3795
3868
3903
3983
3996
4056
4083
4146
4244
4311
4328
4343
4406
4495
4557
4609
4630
4632
4720
4728
4735
4743
4798
4862
4958
5021
5024
5090
5161
5243
5328
5335
5419
5462
5557
5631
5681
5728
5752
5803
5810
5829
5849
5864
5899
5965
6013
6030
6043
6109
6142
6148
6171
6240
6295
6334
6424
6465
6563
6658
6719
6788
6887
6945
7035
7065
7107
7167
7247
7271
7349
7427
7431
7450
7549
7557
7584
7639
7649
7689
7719
7776
7831
7893
7905
7929
7931
8024
8050
8098
8166
8236
8278
8293
8316
8356
8396
8414
8469
8511
8524
8597
8612
8655
8718
8750
8767
8792
8881
8898
8917
8952
8980
8987
9030
9084
9141
9234
9302
9340
9433
9484
9560
9642
9681
9746
9806
9880
9909
9941
10016
10025
10028
10048
10084
10091
10120
10149
10240
10337
10362
10364
10440
10469
10478
10577
10622
10713
10716
10779
10819
10875
10900
10939
11029
11104
11184
11278
11349
11418
11420
11475
11510
11594
11671
11712
11749
11815
11859
11950
12005
12070
12079
12104
12122
12137
12210
12285
12335
12426
12485
12552
12623
12630
12674
12708
12712
12775
12816
12833
12914
12995
13045
13049
13062
13126
13186
13190
13279
13341
13366
13461
13522
13533
13581
13630
13656
13702
13726
13811
13868
13931
13980
14041
14078
14163
14235
14269
14334
14335
14362
14392
14458
14466
14488
14576
14628
14637
14677
14703
14725
14758
14855
14886
14917
15008
15102
15175
15222
15233
15267
15353
15364
15397
15431
15529
15580
15663
15684
15769
15796
15798
15839
15912
15928
15951
15979
16056
16109
16180
16223
16236
16240
16337
16390
16438
16474
16491
16506
16581
16590
16601
16638
16732
16742
16771
16810
16907
17006
17021
17056
17127
17164
17210
17290
17373
17466
17480
17489
17496
17543
17569
17616
17649
17732
17789
17876
17883
17928
18025
18046
18101
18168
18182
18189
18274
18349
18407
18422
18451
18501
18554
18653
18658
18690
18735
18774
18835
18923
18925
19009
19049
19063
19157
19220
19277
19321
19326
19409
19436
19467
19543
19624
19723
19820
19895
19934
20006
20030
20102
20129
20149
20223
20231
20303
20341
20432
20494
20565
20649
20739
20745
20796
20880
20914
20954
21049
21094
21159
21207
21287
21327
21376
21412
21426
21515
21611
21688
21709
21715
21747
21811
21858
21946
21997
22068
22077
22121
22170
22253
22287
22290
22314
22375
22384
22409
22413
22486
22566
22604
22650
22712
22759
22784
22878
22952
22989
23081
23104
23156
23205
23216
23263
23358
23405
23474
23560
23595
23634
23686
23696
23786
23824
23896
23907
23925
23943
23948
24006
24074
24141
24149
24179
24218
24274
24300
24396
24437
24515
24516
24584
24651
24656
24724
24737
24823
24899
24927
24936
24959
24961
24984
25047
25089
25115
25155
25230
25298
25303
25345
25409
25454
25490
25574
25611
25628
25697
25717
25735
25798
25858
25942
25977
25996
26013
26100
26193
26252
26313
26348
26359
26421
26445
26449
26454
26512
26609
26694
26700
26783
26814
26859
26860
26946
26980
27055
27146
27178
27190
27280
27357
27422
27495
27550
27561
27643
27651
27663
27707
27781
27857
27956
27978
27987
27988
28013
28036
28052
28112
28125
28151
28212
28262
28354
28406
28499
28534
28610
28655
28702
28704
28786
28847
28911
28943
29033
29109
29122
29215
29315
29351
29361
29432
29460
29540
29626
29686
29746
29798
29854
29918
29932
29995
30056
30127
30156
30247
30338
30371
30442
30516
30613
30680
30687
30729
30767
30771
30801
30877
30958
31021
31098
31141
31199
31205
31257
31270
31298
31394
31452
31454
31530
31611
31619
31650
31707
31764
31778
31869
31951
32008
32090
32128
32136
32168
32220
32312
32378
32384
32403
32406
32499
32584
32637
32675
32745
32766
32799
32845
32863
32926
32952
33047
33100
33123
33151
33249
33336
33363
33383
33449
33529
33598
33634
33723
33806
33848
33923
33955
34009
34103
34189
34204
34278
34378
34417
34444
34482
34499
34519
34619
34669
34761
34814
34899
34934
34979
35028
35120
35134
35144
35197
35226
35283
35371
35377
35409
35506
35511
35546
35592
35621
35684
35780
35828
35890
35923
35994
36014
36047
36132
36150
36202
36275
36352
36435
36449
36547
36605
36655
36678
36713
36789
36791
36891
36927
36941
37015
37073
37087
37161
37249
37312
37402
37461
37498
37527
37587
37638
37645
37719
37802
37829
37904
37960
37978
38002
38077
38107
38183
38283
38331
38371
38443
38480
38487
38586
38649
38702
38707
38748
38780
38824
38903
38927
38936
38981
39066
39081
39092
39175
39176
39194
39292
39337
39348
39426
39433
39527
39620
39648
39691
39769
39781
39868
39890
39898
39983
39985
40039
40114
40115
40165
40192
40252
40336
40429
40521
40590
40686
40741
40803
40823
40921
40924
40940
40949
40963
41044
41118
41207
41269
41321
41407
41430
41473
41485
41585
41635
41640
41739
41807
41814
41867
41878
41881
41947
41989
42001
42008
42013
42030
42110
42148
42149
42234
42237
42263
42305
42353
42375
42408
42411
42503
42527
42612
42703
42739
42790
42802
42816
42842
42880
42898
42930
42958
42968
42988
42992
43008
43077
43170
43209
43236
43280
43339
43394
43430
43516
43598
43656
43659
43707
43713
43789
43817
43894
43984
44025
44028
44113
44153
44248
44291
44317
44367
44425
44427
44520
44568
44638
44723
44752
44822
44903
44989
45019
45044
45058
45153
45213
45257
45345
45364
45367
45414
45471
45496
45581
45644
45699
45739
45763
45837
45894
45920
46001
46089
46165
46265
46314
46331
46414
46490
46505
46561
46594
46687
46715
46733
46833
46884
46937
46968
46981
47063
47103
47166
47216
47272
47370
47383
47387
47396
47403
47437
47469
47567
47647
47650
47723
47756
47766
47851
47926
47939
48034
48100
48123
48203
48265
48269
48305
48386
48438
48485
48537
48588
48655
48674
48697
48755
48850
48905
48981
49069
49088
49123
49191
49278
49337
49339
49417
49498
49523
49622
49675
49683
49697
49780
49829
49840
