809
834
920
958
1008
1021
1097
1141
1163
1209
1301
1305
1334
1405
1443
1532
1624
1688
1748
1822
1915
1934
2027
2054
2078
2173
2235
2318
2339
2356
2369
2388
2461
2462
2527
2553
2631
2655
2741
2755
2828
2830
2850
2856
2935
2993
3068
3076
3135
3153
3238
3302
3346
3444
3513
3530
3595
3691
3760
3854
3881
3908
3994
4017
4084
4171
4182
4277
4323
4362
4433
4492
4534
4626
4697
4732
4776
4834
4933
4953
4965
5042
5125
5134
5135
5221
5236
5301
5341
5440
5530
5615
5682
5767
5774
5821
5892
5896
5965
6055
6060
6117
6152
6246
6327
6418
6432
6530
6621
6651
6750
6817
6904
6940
7035
7091
7144
7169
7247
7328
7414
7440
7476
7563
7644
7648
7666
7687
7767
7828
7837
7889
7928
8026
8114
8209
8262
8354
8447
8500
8578
8658
8710
8806
8826
8875
8891
8949
9020
9050
9113
9202
9248
9249
9270
9298
9329
9379
9434
9481
9581
9673
9722
9796
9895
9963
9972
9992
9998
10081
10144
10151
10164
10250
10346
10380
10438
10444
10512
10531
10631
10639
10656
10662
10739
10817
10874
10903
10995
11017
11042
11074
11173
11272
11323
11422
11434
11483
11531
11625
11684
11769
11786
11855
11920
11942
12004
12036
12068
12078
12111
12207
12231
12323
12338
12372
12378
12426
12438
12471
12541
12615
12699
12797
12823
12866
12882
12905
12906
13001
13005
13092
13159
13176
13257
13328
13352
13413
13448
13465
13515
13601
13652
13702
13798
13884
13914
13997
14082
14101
14137
14216
14276
14325
14367
14456
14458
14473
14529
14531
14625
14719
14738
14823
14911
14924
15003
15044
15142
15236
15328
15401
15417
15426
15431
15480
15497
15505
15596
15696
15729
15739
15827
15893
15929
15990
16014
16029
16064
16162
16169
16209
16242
16312
16368
16450
16497
16516
16562
16597
16598
16631
16684
16735
16826
16872
16927
16934
16943
16956
16990
17063
17088
17179
17231
17232
17283
17363
17393
17419
17490
17529
17590
17685
17688
17696
17778
17838
17851
17907
17919
17923
17938
17949
18010
18079
18158
18229
18241
18289
18348
18375
18471
18552
18634
18650
18750
18816
18889
18950
18974
19053
19100
19148
19157
19218
19297
19363
19422
19490
19572
19670
19766
19836
19853
19888
19937
19983
20003
20064
20143
20212
20289
20339
20367
20451
20502
20535
20589
20679
20703
20725
20734
20794
20833
20877
20959
21040
21124
21138
21180
21190
21240
21269
21282
21304
21333
21401
21496
21580
21662
21754
21829
21838
21889
21900
21975
21995
22074
22164
22211
22253
22328
22418
22495
22570
22629
22631
22701
22740
22785
22805
22857
22862
22903
22931
22941
22988
22989
22993
23067
23109
23193
23240
23317
23407
23453
23489
23550
23640
23643
23694
23729
23740
23822
23908
23951
23982
24051
24096
24149
24211
24220
24317
24415
24417
24453
24484
24510
24563
24658
24719
24736
24802
24878
24974
25035
25053
25060
25072
25102
25176
25201
25262
25269
25332
25397
25437
25438
25516
25596
25670
25756
25806
25836
25922
26008
26100
26193
26264
26362
26418
26440
26495
26584
26624
26718
26736
26795
26854
26912
26991
27058
27067
27099
27112
27183
27277
27329
27334
27381
27476
27492
27519
27611
27689
27700
27739
27772
27804
27864
27964
27969
28036
28049
28057
28126
28202
28222
28259
28354
28425
28428
28521
28558
28605
28704
28779
28837
28851
28858
28935
28990
29089
29165
29246
29294
29338
29386
29431
29480
29524
29592
29628
29651
29750
29828
29866
29901
29945
29952
29968
30065
30142
30207
30242
30338
30426
30492
30585
30679
30753
30853
30944
30996
31058
31076
31163
31256
31267
31300
31351
31387
31419
31500
31543
31590
31640
31644
31667
31722
31806
31865
31939
31962
31978
32008
32076
32137
32145
32195
32266
32324
32329
32422
32498
32565
32637
32639
32654
32717
32809
32844
32940
33018
33083
33179
33267
33295
33351
33408
33442
33504
33567
33576
33612
33642
33738
33774
33836
33870
33908
33974
34019
34050
34053
34074
34082
34100
34194
34198
34275
34336
34364
34446
34471
34555
34599
34634
34692
34710
34779
34863
34956
34999
35028
35095
35154
35184
35272
35329
35352
35433
35460
35509
35542
35568
35635
35653
35725
35781
35819
35876
35969
36069
36167
36192
36273
36332
36388
36398
36464
36510
36551
36613
36614
36663
36728
36762
36776
36809
36900
36920
36947
36999
37007
37082
37097
37139
37168
37175
37219
37255
37257
37330
37408
37462
37519
37599
37660
37682
37776
37829
37878
37933
37952
38048
38049
38140
38219
38318
38380
38445
38473
38491
38541
38570
38571
38642
38689
38715
38754
38840
38873
38962
39030
39054
39114
39122
39195
39227
39256
39326
39388
39457
39489
39573
39616
39654
39676
39721
39740
39761
39784
39809
39859
39878
39911
39919
40005
40036
40123
40204
40290
40314
40383
40469
40514
40599
40641
40684
40719
40741
40808
40820
40861
40881
40956
40985
40994
41081
41132
41182
41251
41287
41297
41340
41409
41453
41466
41527
41533
41564
41644
41686
41755
41820
41840
41887
41981
42026
42040
42108
42121
42220
42222
42268
42324
42371
42443
42543
42607
42610
42651
42683
42772
42806
42843
42935
42939
43001
43072
43104
43164
43177
43261
43349
43369
43437
43528
43584
43648
43676
43774
43801
43803
43881
43904
43942
43948
43956
43964
43974
44004
44018
44089
44110
44141
44146
44194
44292
44390
44480
44516
44552
44557
44602
44628
44714
44807
44904
44931
45012
45061
45110
45150
45185
45209
45234
45252
45312
45382
45442
45444
45456
45521
45603
45665
45693
45730
45741
45789
45802
45894
45950
45987
46081
46169
46245
46289
46316
46368
46426
46462
46480
46545
46629
46653
46717
46746
46842
46848
46931
46954
47007
47084
47091
47185
47213
47278
47314
47397
47458
47545
47576
47600
47653
47744
47831
47873
47964
48000
48086
48099
48189
48228
48296
48313
48369
48411
48444
48508
48515
48574
48648
48679
48752
48788
48795
48854
48868
48880
48888
48944
49021
49074
49120
49188
49207
49252
49275
49346
49413
49424
49482
49518
49615
49627
49677
49748
49813
49879
49936
49964
50014
50038
50060
50160
50260
50304
50316
50342
50357
50420
50470
50497
50539
50545
50635
50649
50687
50755
50823
50885
50985
51048
51073
51101
51110
51127
51225
51322
51415
51437
51461
51516
51567
51616
51662
51684
