336
384
391
416
509
527
540
575
639
730
813
853
874
919
957
1021
1066
1163
1188
1209
1288
1370
1435
1489
1510
1527
1615
1641
1678
1681
1704
1771
1796
1850
1947
2002
2063
2136
2194
2204
2296
2323
2382
2412
2486
2529
2591
2690
2758
2814
2843
2901
2989
2999
3074
3135
3199
3259
3279
3313
3314
3395
3421
3498
3548
3571
3636
3724
3779
3784
3832
3833
3847
3947
3976
3981
4030
4081
4098
4152
4225
4260
4305
4320
4373
4403
4416
4425
4490
4582
4651
4664
4734
4807
4849
4857
4913
4943
5013
5112
5169
5218
5241
5279
5290
5341
5344
5405
5434
5474
5516
5564
5617
5687
5748
5846
5847
5853
5868
5907
5960
6005
6099
6126
6163
6165
6214
6291
6318
6402
6429
6470
6525
6577
6638
6705
6729
6735
6827
6926
7010
7071
7143
7199
7226
7314
7322
7419
7422
7460
7477
7573
7665
7740
7767
7861
7939
8001
8059
8104
8199
8282
8334
8433
8519
8526
8581
8637
8666
8759
8838
8920
8993
9057
9089
9120
9206
9240
9281
9355
9413
9491
9574
9629
9718
9744
9804
9900
9961
10055
10105
10134
10166
10194
10213
10278
10354
10426
10517
10554
10591
10672
10688
10705
10780
10865
10872
10893
10980
11036
11121
11186
11262
11283
11335
11375
11409
11509
11608
11649
11654
11687
11727
11815
11910
11965
11984
12075
12126
12138
12168
12225
12316
12355
12421
12501
12561
12659
12680
12719
12817
12876
12936
12953
13014
13035
13040
13097
13098
13164
13261
13330
13414
13421
13453
13521
13549
13587
13665
13722
13777
13856
13904
13989
14049
14053
14097
14159
14241
14319
14341
14348
14408
14419
14482
14508
14579
14679
14749
14839
14936
14993
15005
15049
15097
15137
15146
15230
15282
15334
15419
15495
15579
15627
15659
15702
15754
15812
15832
15902
15907
15910
15972
16005
16062
16139
16178
16261
16281
16319
16341
16342
16410
16442
16506
16510
16573
16661
16718
16724
16749
16829
16875
16920
16939
16956
17033
17048
17083
17142
17192
17214
17231
17328
17362
17383
17417
17503
17603
17652
17733
17777
17842
17938
18000
18044
18128
18170
18222
18309
18373
18435
18479
18515
18577
18641
18672
18712
18748
18757
18835
18853
18864
18912
18990
19079
19123
19160
19174
19175
19221
19234
19287
19341
19436
19485
19518
19581
19609
19683
19725
19800
19892
19929
20003
20059
20081
20112
20158
20208
20271
20335
20366
20415
20463
20478
20510
20562
20659
20660
20684
20699
20700
20772
20789
20853
20925
20986
21009
21026
21049
21073
21139
21222
21294
21357
21399
21455
21461
21475
21487
21491
21529
21600
21666
21682
21736
21822
21898
21964
22040
22127
22213
22275
22328
22340
22433
22471
22534
22576
22597
22678
22688
22695
22785
22848
22881
22954
22968
22991
23050
23121
23135
23187
23282
23306
23309
23383
23411
23451
23471
23548
23623
23631
23731
23783
23794
23821
23864
23934
24016
24023
24058
24100
24200
24224
24284
24303
24363
24385
24467
24555
24619
24709
24729
24825
24836
24905
24977
25059
25124
25149
25167
25261
25324
25351
25444
25465
25531
25602
25663
25678
25763
25815
25877
25940
25983
26066
26165
26227
26279
26361
26367
26421
26479
26513
26599
26699
26782
26845
26943
26962
27021
27058
27120
27211
27298
27392
27397
27439
27492
27588
27670
27707
27720
27818
27821
27832
27850
27867
27879
27979
28057
28084
28173
28217
28299
28317
28362
28404
28455
28478
28516
28544
28624
28647
28657
28701
28759
28815
28828
28848
28937
28953
29051
29052
29126
29136
29210
29272
29371
29470
29495
29555
29616
29678
29753
29775
29823
29825
29853
29919
29969
30047
30113
30140
30146
30149
30245
30307
30388
30450
30488
30508
30511
30564
30647
30716
30727
30813
30890
30981
30987
30991
31063
31109
31137
31172
31177
31273
31312
31378
31391
31471
31547
31603
31665
31716
31756
31783
31787
31886
31911
31959
31979
31988
31990
32050
32134
32192
32243
32307
32330
32417
32449
32532
32576
32610
32629
32632
32714
32764
32822
32880
32906
32979
32985
33071
33122
33184
33258
33270
33363
33375
33448
33464
33477
33515
33601
33643
33658
33701
33721
33810
33833
33907
33920
33934
33979
33998
34098
34166
34186
34193
34205
34279
34320
34337
34390
34433
34443
34535
34614
34634
34715
34815
34821
34827
34905
34976
34982
35074
35089
35104
35141
35155
35175
35215
35268
35333
35337
35385
35448
35482
35529
35589
35616
35638
35726
35813
35878
35937
35981
36079
36092
36109
36205
36247
36327
36427
36492
36539
36577
36658
36748
36765
36807
36899
36903
36927
36931
36980
37000
37060
37094
37138
37171
37261
37319
37415
37422
37470
37521
37589
37667
37728
37781
37873
37962
38016
38093
38144
38187
38226
38248
38324
38346
38415
38477
38540
38564
38652
38717
38732
38739
38741
38814
38907
38962
38976
39057
39143
39151
39247
39292
39318
39374
39468
39545
39603
39686
39719
39782
39836
39881
39937
39994
40075
40163
40250
40323
40369
40429
40430
40469
40479
40544
40642
40734
40814
40820
40879
40972
40980
41074
41172
41185
41203
41271
41287
41384
41387
41395
41411
41446
41462
41480
41565
41620
41638
41640
41663
41758
41817
41873
41950
41986
42028
42123
42209
42213
42307
42315
42395
42416
42512
42518
42604
42628
42688
42705
42767
42841
42922
42939
42989
43024
43096
43156
43222
43296
43312
43349
43449
43497
43552
43616
43710
43718
43793
43856
43898
43974
44066
44092
44097
44163
44216
44294
44368
44434
44520
44568
44576
44634
44710
44772
44804
44898
44966
45030
45107
45188
45189
45276
45293
45321
45398
45399
45443
45518
45545
45604
45693
45730
45743
45819
45821
45875
45878
45953
46041
46135
46224
46249
46269
46368
46396
46478
46506
46513
46576
46617
46689
46778
46867
46912
46967
47005
47072
47076
47078
47083
47152
47166
47263
47265
47270
47300
47322
47350
47410
47412
47433
47452
47476
47528
47597
47631
47727
47793
47884
47973
48042
48120
48218
48222
48266
48306
48379
48391
48475
48478
48490
48564
48648
48679
48768
48834
48854
48932
48978
49014
49040
49059
49076
49089
49122
49197
49229
49271
49293
49381
49409
49473
49514
49548
49613
49711
49795
49804
49885
49967
50031
50121
50131
50222
50257
50308
50336
50340
50394
50427
50483
50492
50571
50633
50675
50695
50752
