895
932
982
985
1039
1075
1157
1251
1316
1368
1426
1475
1573
1611
1655
1711
1715
1758
1820
1839
1848
1861
1952
1971
1979
2036
2067
2122
2174
2254
2308
2374
2439
2458
2463
2518
2542
2633
2718
2813
2819
2869
2888
2958
2970
3061
3094
3166
3184
3236
3253
3288
3298
3350
3387
3417
3433
3518
3587
3681
3763
3835
3889
3951
4021
4048
4108
4173
4178
4257
4351
4357
4381
4397
4477
4572
4637
4711
4807
4882
4937
4980
5000
5099
5110
5155
5163
5166
5266
5331
5414
5477
5488
5587
5626
5636
5712
5795
5844
5926
5949
6048
6130
6203
6253
6256
6336
6433
6492
6501
6533
6623
6717
6779
6823
6833
6918
6965
7009
7062
7161
7207
7279
7336
7379
7402
7440
7471
7533
7597
7697
7735
7803
7855
7897
7922
7928
7957
8056
8062
8084
8177
8207
8271
8298
8375
8430
8489
8522
8592
8625
8704
8796
8883
8897
8966
8989
9083
9123
9188
9217
9270
9330
9416
9481
9505
9569
9669
9717
9755
9822
9914
9966
9980
10057
10084
10091
10094
10167
10183
10200
10229
10283
10374
10437
10529
10546
10557
10650
10674
10773
10799
10802
10881
10966
10986
11083
11125
11209
11290
11314
11372
11424
11430
11480
11523
11612
11676
11710
11779
11844
11918
12004
12040
12132
12185
12193
12211
12240
12250
12283
12334
12377
12384
12445
12526
12568
12595
12658
12751
12807
12903
12989
13033
13048
13089
13170
13222
13236
13313
13362
13406
13423
13474
13566
13662
13688
13712
13766
13767
13771
13823
13911
13959
14048
14136
14147
14242
14301
14389
14443
14493
14563
14615
14664
14699
14714
14767
14833
14845
14904
14963
14996
15016
15038
15136
15215
15299
15324
15371
15393
15402
15461
15541
15627
15639
15666
15694
15781
15879
15955
15983
16069
16161
16213
16250
16340
16426
16482
16557
16645
16663
16758
16766
16834
16842
16875
16892
16911
16974
17069
17132
17222
17225
17235
17265
17288
17381
17408
17440
17477
17505
17585
17672
17766
17823
17921
17983
18043
18112
18142
18196
18285
18288
18363
18461
18559
18624
18658
18677
18763
18815
18906
18952
19001
19007
19085
19143
19156
19160
19227
19228
19251
19324
19392
19421
19485
19580
19659
19720
19741
19824
19851
19867
19922
19955
20000
20041
20141
20191
20229
20290
20328
20422
20476
20494
20501
20557
20623
20651
20657
20719
20771
20800
20827
20861
20934
20960
21012
21063
21121
21185
21198
21212
21250
21295
21360
21416
21489
21510
21561
21581
21626
21675
21760
21820
21833
21906
21998
22030
22064
22070
22105
22163
22175
22214
22246
22309
22406
22443
22488
22555
22639
22667
22705
22737
22807
22826
22916
22951
23005
23077
23121
23217
23290
23347
23387
23433
23501
23571
23666
23731
23792
23885
23977
24033
24089
24090
24121
24189
24196
24230
24248
24267
24325
24416
24445
24472
24519
24544
24607
24653
24665
24720
24795
24826
24879
24949
24988
25038
25076
25148
25157
25201
25249
25330
25420
25456
25490
25553
25567
25604
25677
25760
25853
25858
25947
25948
26006
26064
26079
26149
26240
26309
26336
26347
26414
26448
26528
26545
26553
26573
26668
26681
26735
26831
26897
26963
27034
27065
27153
27182
27255
27330
27430
27514
27575
27635
27640
27706
27777
27779
27824
27888
27945
27951
27959
28051
28128
28169
28202
28293
28325
28355
28419
28488
28522
28577
28651
28703
28726
28785
28854
28903
28933
29012
29052
29067
29086
29108
29175
29249
29272
29276
29314
29357
29433
29518
29534
29603
29636
29717
29793
29840
29849
29942
30007
30098
30148
30153
30227
30236
30256
30293
30345
30367
30383
30409
30426
30522
30584
30665
30755
30853
30939
30984
31011
31048
31096
31125
31155
31177
31219
31271
31339
31379
31385
31394
31492
31522
31557
31598
31605
31646
31725
31824
31904
31931
31951
31977
32038
32125
32188
32224
32247
32306
32369
32407
32498
32500
32512
32525
32532
32630
32729
32796
32869
32963
32995
33087
33151
33155
33177
33201
33206
33220
33298
33385
33470
33570
33613
33639
33739
33745
33750
33783
33798
33810
33871
33929
33989
34025
34082
34100
34175
34181
34197
34239
34248
34288
34358
34426
34453
34508
34556
34629
34706
34708
34775
34836
34857
34940
35003
35080
35124
35136
35230
35297
35370
35404
35417
35429
35458
35558
35588
35634
35687
35733
35740
35797
35853
35882
35894
35920
35993
36026
36065
36071
36116
36127
36166
36187
36223
36258
36272
36338
36419
36438
36500
36514
36561
36597
36629
36631
36715
36766
36809
36839
36864
36874
36920
37001
37003
37035
37089
37111
37201
37238
37265
37343
37419
37449
37455
37538
37585
37608
37654
37726
37746
37755
37786
37845
37907
37913
37973
38030
38101
38187
38255
38267
38357
38428
38465
38550
38571
38640
38734
38737
38787
38789
38791
38848
38944
38996
39083
39130
39223
39276
39287
39298
39378
39449
39523
39535
39599
39600
39669
39763
39826
39843
39862
39953
40017
40047
40133
40181
40264
40349
40438
40502
40549
40588
40673
40755
40789
40870
40935
41001
41017
41062
41105
41181
41190
41224
41292
41377
41379
41456
41464
41540
41612
41660
41675
41737
41751
41765
41845
41863
41949
41992
42006
42023
42066
42136
42192
42201
42301
42392
42409
42440
42492
42551
42636
42700
42798
42849
42939
42992
43070
43114
43155
43163
43247
43320
43402
43431
43432
43479
43548
43590
43652
43736
43824
43854
43915
43950
44042
44063
44071
44091
44118
44162
44244
44276
44356
44404
44446
44467
44528
44573
44588
44617
44686
44709
44752
44806
44863
44910
44990
45001
45042
45142
45165
45216
45247
45274
45301
45400
45500
45567
45583
45646
45729
45800
45897
45978
45994
46039
46075
46105
46154
46190
46250
46272
46308
46328
46408
46446
46459
46550
46633
46647
46741
46822
46847
46872
46969
47023
47028
47060
47098
47117
47131
47187
47203
47282
47373
47377
47378
47468
47522
47554
47566
47580
47640
47656
47755
47779
47850
47856
47939
48012
48102
48106
48158
48194
48205
48305
48347
48426
48427
48517
48595
48674
48679
48703
48758
48812
48846
48919
48927
48997
49026
49097
49128
49207
49280
49351
49441
49531
49622
49623
49672
49708
49790
49812
49836
49862
49866
49947
50040
50045
50111
50210
50292
50298
50380
50460
50481
50495
50589
50603
50699
50727
50730
50800
50864
50940
50943
51028
