94
192
270
310
336
337
358
384
417
454
494
556
559
588
598
638
712
747
758
821
823
898
934
947
1019
1082
1149
1185
1271
1348
1398
1411
1489
1570
1622
1632
1700
1736
1785
1796
1867
1916
2010
2087
2117
2205
2260
2304
2372
2394
2456
2525
2601
2628
2710
2754
2828
2853
2947
2999
3095
3117
3190
3281
3368
3444
3524
3536
3559
3598
3632
3649
3686
3742
3774
3873
3925
4025
4050
4056
4102
4137
4234
4302
4367
4415
4441
4449
4515
4578
4595
4694
4699
4714
4780
4868
4912
4957
5008
5036
5080
5094
5194
5206
5264
5286
5377
5448
5459
5477
5494
5524
5534
5565
5640
5714
5744
5835
5861
5949
6045
6117
6134
6142
6170
6234
6321
6334
6378
6461
6538
6545
6631
6715
6736
6815
6909
6920
6936
7017
7037
7048
7096
7188
7242
7338
7437
7452
7545
7571
7652
7747
7761
7816
7915
8010
8093
8104
8169
8227
8235
8263
8291
8293
8362
8453
8524
8526
8570
8635
8700
8747
8769
8773
8799
8871
8878
8944
9039
9059
9078
9117
9131
9142
9145
9165
9246
9253
9330
9396
9440
9479
9532
9577
9655
9692
9704
9796
9857
9926
9988
10071
10123
10129
10211
10242
10259
10351
10367
10450
10475
10516
10596
10604
10689
10765
10789
10886
10893
10966
11006
11048
11112
11184
11276
11287
11308
11378
11388
11474
11544
11619
11657
11668
11670
11678
11693
11741
11770
11781
11819
11861
11883
11895
11961
12043
12114
12201
12216
12277
12356
12388
12471
12501
12516
12570
12657
12705
12776
12835
12854
12905
12938
12972
12999
13013
13102
13110
13174
13270
13343
13429
13497
13565
13597
13613
13707
13722
13737
13809
13894
13911
13999
14013
14085
14153
14154
14186
14272
14289
14298
14302
14324
14413
14426
14510
14577
14657
14692
14783
14871
14897
14987
15052
15109
15186
15216
15243
15337
15370
15390
15404
15410
15485
15538
15577
15633
15706
15800
15860
15920
15925
15993
16065
16153
16250
16326
16419
16423
16425
16511
16597
16604
16669
16703
16787
16846
16942
17014
17073
17164
17176
17194
17281
17304
17353
17362
17440
17528
17601
17605
17638
17736
17759
17789
17837
17908
17922
17969
18051
18136
18159
18181
18225
18259
18288
18368
18385
18466
18469
18491
18530
18606
18664
18742
18803
18804
18806
18823
18892
18930
18946
18950
18992
19041
19106
19175
19269
19316
19325
19394
19421
19440
19507
19607
19680
19752
19826
19838
19925
20021
20029
20055
20066
20138
20180
20275
20333
20366
20426
20486
20581
20629
20648
20691
20750
20766
20797
20806
20870
20947
21010
21013
21039
21084
21120
21138
21195
21206
21267
21318
21370
21390
21424
21449
21529
21550
21582
21675
21692
21706
21726
21789
21854
21884
21939
21994
22004
22091
22149
22150
22226
22262
22305
22343
22422
22467
22468
22552
22586
22666
22713
22800
22872
22893
22894
22957
23007
23030
23034
23105
23198
23223
23289
23304
23397
23472
23481
23499
23515
23570
23594
23612
23626
23658
23723
23809
23857
23902
23957
23968
24049
24075
24132
24145
24220
24287
24353
24401
24496
24547
24564
24632
24728
24809
24886
24971
25057
25135
25201
25267
25299
25398
25419
25421
25449
25463
25466
25471
25480
25563
25623
25723
25764
25814
25910
25945
25953
26022
26111
26130
26225
26269
26274
26328
26428
26500
26567
26571
26585
26592
26666
26718
26725
26769
26800
26894
26933
26943
27039
27091
27124
27177
27184
27206
27231
27247
27276
27287
27373
27399
27491
27583
27671
27694
27709
27711
27785
27831
27882
27902
27937
28026
28059
28119
28159
28169
28242
28296
28316
28342
28385
28429
28508
28589
28606
28607
28647
28740
28781
28801
28829
28859
28905
28931
28960
29019
29064
29145
29216
29246
29279
29368
29457
29498
29540
29583
29633
29663
29746
29758
29857
29955
30018
30062
30105
30194
30282
30307
30354
30374
30436
30514
30560
30623
30659
30750
30829
30920
30942
30993
31087
31096
31131
31212
31285
31288
31339
31347
31437
31501
31540
31626
31676
31766
31839
31887
31895
31913
31962
32003
32052
32121
32137
32233
32248
32339
32385
32483
32538
32550
32603
32680
32776
32867
32959
33025
33111
33184
33258
33275
33322
33397
33459
33484
33513
33592
33603
33605
33674
33738
33781
33851
33919
33939
34014
34070
34091
34139
34185
34194
34236
34257
34310
34355
34411
34465
34477
34480
34517
34530
34549
34577
34604
34609
34660
34726
34737
34814
34899
34908
34949
35040
35089
35129
35157
35215
35277
35342
35370
35397
35478
35549
35564
35618
35656
35694
35787
35860
35914
35976
35998
36027
36124
36128
36191
36283
36304
36380
36456
36513
36514
36561
36615
36660
36725
36741
36770
36806
36885
36981
37000
37072
37091
37099
37134
37177
37239
37246
37270
37370
37431
37512
37582
37652
37665
37765
37768
37788
37804
37861
37941
37949
37984
38059
38064
38080
38120
38190
38193
38219
38243
38313
38413
38492
38553
38629
38693
38780
38795
38823
38839
38871
38926
39023
39073
39119
39185
39201
39294
39371
39420
39468
39560
39594
39629
39719
39814
39834
39899
39973
40063
40157
40164
40232
40305
40335
40408
40497
40556
40608
40677
40685
40703
40801
40858
40872
40915
40945
40969
41044
41136
41165
41197
41207
41222
41285
41345
41382
41464
41504
41579
41611
41654
41665
41672
41736
41833
41840
41880
41961
41987
42061
42091
42145
42210
42233
42310
42368
42376
42386
42448
42527
42596
42639
42717
42743
42824
42832
42861
42907
42968
42981
43042
43077
43134
43222
43302
43368
43445
43459
43483
43568
43572
43667
43762
43763
43859
43952
43958
43971
44060
44078
44127
44163
44164
44215
44314
44385
44455
44486
44577
44584
44602
44642
44712
44764
44782
44832
44869
44931
44974
45023
45108
45199
45265
45274
45354
45441
45509
45588
45612
45710
45723
45821
45839
45910
45948
45979
45988
46030
46105
46186
46278
46294
46388
46440
46516
46531
46532
46593
46643
46702
46801
46883
46938
46943
47013
47042
47078
47093
47099
47178
47208
47252
47310
47312
47387
47415
47419
47509
47573
47648
47668
47756
47792
47881
47934
48030
48103
48121
48212
48250
48323
48330
48359
48401
48474
48483
48580
48610
48655
48709
48728
48804
48810
48895
48962
49018
49059
49071
49078
49136
49209
49219
49271
49276
49314
49393
49400
