676
746
790
858
882
957
975
1073
1141
1176
1235
1265
1268
1360
1381
1423
1431
1502
1516
1584
1663
1712
1787
1808
1897
1980
2005
2037
2047
2108
2179
2218
2308
2400
2476
2538
2609
2628
2695
2696
2717
2741
2815
2899
2972
3067
3161
3254
3311
3407
3496
3591
3640
3739
3820
3874
3930
3958
4045
4056
4100
4173
4204
4264
4347
4417
4465
4483
4520
4524
4604
4648
4697
4724
4747
4775
4822
4921
5002
5092
5131
5140
5161
5208
5262
5289
5340
5418
5513
5607
5645
5663
5734
5755
5787
5835
5864
5951
6049
6067
6106
6125
6160
6225
6313
6386
6402
6467
6489
6539
6554
6633
6643
6724
6803
6881
6906
6923
6993
7043
7126
7178
7234
7314
7382
7404
7461
7514
7599
7688
7711
7768
7820
7864
7871
7934
8009
8085
8094
8192
8282
8342
8414
8471
8520
8597
8637
8705
8742
8816
8862
8901
8985
9065
9077
9082
9169
9234
9265
9286
9356
9454
9527
9560
9639
9665
9674
9742
9814
9876
9899
9945
10013
10089
10113
10213
10299
10322
10370
10376
10397
10454
10503
10507
10541
10560
10605
10640
10665
10690
10699
10711
10715
10778
10788
10822
10894
10945
10970
11008
11076
11158
11183
11270
11325
11414
11509
11531
11553
11577
11670
11747
11843
11866
11958
11983
12072
12139
12141
12202
12221
12251
12303
12358
12448
12501
12592
12621
12629
12707
12721
12765
12796
12801
12871
12874
12881
12972
13067
13159
13228
13307
13310
13356
13359
13458
13525
13618
13633
13724
13799
13815
13903
13939
13951
13984
14063
14119
14151
14209
14235
14333
14371
14469
14530
14546
14593
14688
14759
14806
14841
14911
14933
14977
15025
15052
15080
15088
15175
15234
15281
15349
15419
15508
15555
15639
15672
15730
15771
15792
15817
15849
15906
15946
15994
16034
16065
16098
16150
16164
16226
16282
16323
16337
16375
16383
16424
16436
16454
16547
16632
16702
16774
16803
16850
16947
17007
17028
17107
17159
17163
17233
17292
17384
17474
17506
17551
17575
17660
17739
17781
17833
17863
17897
17911
17926
18007
18054
18109
18190
18221
18293
18378
18432
18520
18599
18602
18620
18649
18686
18783
18826
18874
18968
18970
18988
19034
19086
19161
19235
19266
19301
19385
19409
19431
19482
19539
19597
19641
19691
19714
19787
19854
19897
19950
19989
20065
20134
20216
20256
20326
20331
20398
20459
20502
20514
20528
20600
20674
20681
20698
20699
20799
20802
20825
20851
20883
20965
21028
21066
21071
21074
21147
21230
21244
21284
21382
21401
21472
21564
21593
21652
21701
21781
21842
21942
21963
22057
22128
22153
22187
22203
22238
22265
22364
22382
22417
22496
22595
22660
22757
22773
22871
22921
22978
23021
23036
23085
23139
23221
23264
23281
23332
23355
23429
23518
23549
23553
23630
23633
23640
23664
23708
23711
23811
23814
23818
23831
23882
23974
24053
24078
24085
24103
24165
24195
24242
24310
24316
24360
24441
24499
24520
24523
24608
24644
24705
24799
24828
24859
24878
24945
24955
25053
25147
25150
25170
25265
25363
25410
25456
25487
25566
25610
25694
25699
25711
25760
25787
25834
25895
25979
26051
26094
26143
26224
26302
26359
26409
26492
26527
26570
26592
26629
26665
26682
26705
26750
26846
26935
27009
27092
27142
27161
27261
27330
27387
27439
27454
27542
27551
27556
27606
27634
27717
27735
27772
27837
27916
27995
28039
28099
28171
28257
28314
28363
28415
28427
28516
28613
28673
28696
28726
28826
28866
28925
28992
29013
29034
29123
29196
29258
29261
29301
29363
29364
29415
29497
29593
29655
29727
29789
29806
29830
29869
29929
29949
29999
30007
30051
30144
30202
30267
30283
30381
30459
30543
30611
30656
30738
30775
30827
30924
30969
31021
31039
31068
31109
31121
31214
31258
31345
31390
31469
31561
31638
31656
31692
31786
31816
31911
31960
32054
32096
32191
32249
32312
32378
32395
32491
32543
32597
32639
32662
32732
32757
32818
32865
32946
32982
32983
32987
33015
33089
33160
33183
33251
33275
33292
33351
33352
33389
33471
33527
33601
33627
33718
33742
33766
33798
33873
33934
33969
33986
34021
34023
34114
34158
34179
34273
34327
34397
34440
34477
34494
34527
34591
34663
34723
34738
34811
34832
34876
34957
35032
35046
35143
35213
35290
35380
35475
35499
35553
35580
35609
35691
35718
35739
35821
35829
35851
35929
35979
36074
36139
36194
36219
36261
36287
36369
36373
36472
36491
36557
36647
36744
36838
36884
36927
36980
37052
37076
37109
37189
37278
37311
37385
37420
37470
37485
37523
37599
37683
37721
37747
37812
37832
37883
37948
38040
38094
38160
38198
38243
38338
38403
38453
38496
38583
38655
38706
38740
38773
38857
38861
38915
39008
39066
39151
39202
39266
39302
39322
39338
39377
39388
39434
39450
39470
39524
39588
39661
39732
39794
39801
39830
39842
39904
39954
39958
39975
40072
40114
40115
40132
40154
40230
40235
40307
40329
40388
40394
40459
40484
40566
40632
40657
40659
40743
40747
40779
40802
40883
40914
40945
40947
40954
40963
41016
41069
41110
41124
41163
41224
41273
41322
41374
41413
41467
41554
41559
41590
41591
41664
41763
41788
41836
41868
41929
41993
42041
42088
42092
42175
42186
42252
42291
42295
42325
42393
42397
42403
42424
42477
42550
42560
42603
42686
42727
42787
42861
42863
42876
42900
42942
42972
42978
43061
43109
43150
43164
43172
43237
43257
43332
43368
43468
43518
43589
43595
43618
43710
43735
43738
43790
43821
43881
43935
43976
43977
44062
44098
44158
44224
44281
44361
44417
44430
44496
44580
44598
44685
44724
44788
44796
44799
44865
44905
44945
44953
44973
45021
45114
45202
45229
45326
45342
45354
45359
45421
45430
45433
45517
45536
45600
45612
45687
45697
45742
45745
45844
45938
46012
46107
46149
46199
46274
46342
46386
46391
46461
46551
46589
46591
46618
46649
46675
46730
46746
46815
46863
46948
47031
47034
47112
47145
47204
47225
47325
47391
47461
47553
47617
47702
47729
47816
47847
47915
47963
48019
48087
48115
48198
48224
48234
48334
48390
48453
48524
48617
48664
48681
48702
48709
48771
48793
48801
48899
48917
49000
49077
49161
49208
49299
49307
49367
49420
49430
49530
49623
49703
49780
49832
49897
49979
50002
50060
50149
50197
50258
50340
50362
50395
50403
50443
50525
50578
50660
50745
50792
